0.0753171443939209,6,255
0.11091947555541992,22,487
0.13415265083312988,36,600
0.15910053253173828,52,687
0.18259167671203613,70,729
0.20748162269592285,89,764
0.2318716049194336,108,785
0.25658512115478516,127,799
0.2810401916503906,146,806
0.3051111698150635,166,815
0.3290097713470459,186,819
0.35352635383605957,206,824
0.37753796577453613,227,828
0.4029111862182617,247,828
0.42659950256347656,267,827
0.4565000534057617,292,829
0.48108911514282227,312,832
0.5055136680603027,332,835
0.5292730331420898,352,832
0.5545413494110107,373,833
0.5871322154998779,402,829
0.625673770904541,432,829
0.6702685356140137,470,834
0.7121763229370117,505,833
0.7569892406463623,541,834
0.799903392791748,578,830
0.8449544906616211,615,831
0.8918397426605225,656,832
0.9358882904052734,691,833
0.9792051315307617,726,831
1.0253195762634277,764,829
1.0659658908843994,801,830
1.110567331314087,838,831
1.1514203548431396,869,831
1.191911220550537,906,835
1.2372686862945557,944,832
1.2825469970703125,981,831
1.329056739807129,1018,835
1.369765281677246,1052,831
1.4132118225097656,1089,832
1.4573068618774414,1126,834
1.4964423179626465,1159,835
1.5419278144836426,1196,828
1.586390733718872,1234,833
1.6318449974060059,1271,831
1.6790363788604736,1311,836
1.7200167179107666,1346,833
1.764345407485962,1382,833
1.8099091053009033,1419,835
1.854271650314331,1458,836
1.8997299671173096,1493,834
1.9418096542358398,1528,833
1.9854035377502441,1568,838
2.0313608646392822,1603,833
2.0723702907562256,1641,832
2.11993145942688,1678,832
2.1624696254730225,1715,834
2.207221269607544,1753,832
2.249565601348877,1785,834
2.291926145553589,1821,830
2.334156036376953,1858,834
2.3762810230255127,1896,833
2.421809434890747,1928,834
2.4728217124938965,1971,831
2.5145423412323,2010,832
2.5630147457122803,2046,832
2.6079585552215576,2085,835
2.6496524810791016,2118,834
2.69281005859375,2155,832
2.732543706893921,2190,835
2.7811427116394043,2228,833
2.821881055831909,2263,831
2.867283344268799,2303,833
2.915025472640991,2340,836
2.95719575881958,2378,834
3.004913568496704,2415,833
3.0462892055511475,2452,834
3.0947890281677246,2490,835
3.135615110397339,2523,832
3.179623603820801,2560,833
3.2244300842285156,2600,835
3.273899793624878,2642,831
3.3163909912109375,2680,834
3.361750602722168,2712,832
3.4024136066436768,2749,834
3.4463796615600586,2785,831
3.490373373031616,2822,833
3.5362584590911865,2860,833
3.581341028213501,2896,832
3.6205198764801025,2930,834
3.6670234203338623,2967,834
3.711596727371216,3004,823
3.754284381866455,3041,785
3.799727439880371,3072,728
3.8423585891723633,3104,668
3.8910257816314697,3133,615
3.9311251640319824,3156,572
3.9716150760650635,3178,532
4.014089345932007,3201,495
4.055773496627808,3223,475
4.103796720504761,3243,470
4.146956920623779,3263,484
4.1893134117126465,3284,494
4.231823921203613,3305,501
4.278048753738403,3330,520
4.321053504943848,3352,537
4.363915681838989,3376,554
4.411242723464966,3402,559
4.450410842895508,3425,555
4.495875120162964,3451,553
4.540598630905151,3477,552
4.591548204421997,3501,544
4.633299350738525,3526,544
4.681620836257935,3550,542
4.724959850311279,3574,539
4.767485618591309,3600,548
4.812504768371582,3625,552
4.86421012878418,3652,553
4.9050116539001465,3674,560
4.951170921325684,3700,563
4.989974737167358,3722,557
5.042883396148682,3751,548
5.084184885025024,3774,550
5.13135290145874,3799,552
5.1730499267578125,3822,554
5.214354753494263,3849,561
5.261685371398926,3875,562
5.306055784225464,3899,562
5.3499274253845215,3922,560
5.392209529876709,3947,564
5.438906908035278,3972,562
5.4816319942474365,3995,565
5.524308204650879,4021,568
5.57206392288208,4048,565
5.615557909011841,4071,566
5.657562017440796,4098,568
5.7068517208099365,4124,567
5.750162601470947,4149,565
5.792303562164307,4174,563
5.837211847305298,4200,563
5.876383066177368,4224,567
5.921412229537964,4245,569
5.961881160736084,4269,570
6.006733417510986,4294,564
6.049911260604858,4319,562
6.099060773849487,4346,557
6.13904070854187,4368,550
6.179948806762695,4391,546
6.2252936363220215,4415,550
6.266571998596191,4440,553
6.314939737319946,4465,564
6.35625958442688,4490,565
6.401691675186157,4514,574
6.442267894744873,4540,581
6.4928669929504395,4568,588
6.53624415397644,4595,587
6.583056211471558,4620,580
6.624398469924927,4646,582
6.6698973178863525,4671,575
6.7121734619140625,4697,572
6.761743783950806,4723,576
6.803978681564331,4750,580
6.846253871917725,4774,582
6.894359111785889,4802,582
6.939668893814087,4826,582
6.981956958770752,4853,582
7.027353286743164,4879,576
7.071179389953613,4903,577
7.110402345657349,4928,574
7.154996633529663,4951,574
7.202261924743652,4980,573
7.246310710906982,5006,576
7.297171592712402,5034,576
7.3384716510772705,5057,577
7.383048057556152,5082,580
7.42587947845459,5109,583
7.471028804779053,5134,589
7.510500192642212,5161,593
7.556341171264648,5186,594
7.602397680282593,5212,591
7.644398212432861,5236,584
7.693933963775635,5266,587
7.736259460449219,5291,583
7.781966686248779,5317,582
7.825285911560059,5341,580
7.867188215255737,5367,578
7.909600257873535,5390,582
7.956795692443848,5418,588
8.001166582107544,5444,587
8.041478395462036,5468,584
8.091374158859253,5497,584
8.13418173789978,5523,591
8.177392482757568,5549,590
8.219685792922974,5572,592
8.264228820800781,5601,588
8.306226015090942,5626,584
8.350570678710938,5652,581
8.397202968597412,5678,583
8.436408996582031,5702,583
8.486268043518066,5730,585
8.533905029296875,5758,587
8.577000141143799,5784,585
8.62186598777771,5810,587
8.665444374084473,5836,580
8.711541414260864,5860,579
8.75381088256836,5887,580
8.795499086380005,5909,586
8.838935852050781,5935,591
8.882426977157593,5962,585
8.92961597442627,5988,580
8.971607685089111,6012,581
9.015185356140137,6038,585
9.060052394866943,6065,588
9.10408878326416,6092,590
9.151034355163574,6118,592
9.187325239181519,6142,582
9.229597091674805,6164,582
9.270591020584106,6192,585
9.32101821899414,6218,589
9.361104965209961,6241,584
9.404138326644897,6268,588
9.449238777160645,6293,593
9.49199390411377,6319,595
9.534192085266113,6344,597
9.580013275146484,6372,587
9.624422311782837,6398,585
9.66990613937378,6424,583
9.71437954902649,6451,588
9.758941411972046,6476,588
9.80183720588684,6500,586
9.844539642333984,6528,589
9.891380548477173,6554,596
9.931374311447144,6577,591
9.972061395645142,6602,589
10.013794422149658,6627,596
