0.07142066955566406,0,0
0.09631514549255371,0,0
0.11989998817443848,0,0
0.14541959762573242,0,0
0.16940593719482422,0,0
0.1954197883605957,0,0
0.2188558578491211,0,0
0.24762654304504395,0,0
0.27175116539001465,0,0
0.2997598648071289,0,0
0.3243856430053711,0,0
0.3490447998046875,0,0
0.3734738826751709,0,0
0.39783644676208496,0,0
0.4216303825378418,0,0
0.44626355171203613,0,0
0.4704906940460205,0,0
0.49552083015441895,0,0
0.5189344882965088,0,0
0.5445101261138916,0,0
0.576610803604126,0,0
0.6183178424835205,0,0
0.6640589237213135,1,13
0.7047336101531982,18,495
0.7517836093902588,44,677
0.7972419261932373,79,764
0.8385777473449707,115,809
0.8840024471282959,148,830
0.9247057437896729,185,836
0.9713253974914551,222,844
1.0110280513763428,258,847
1.0585784912109375,300,847
1.10453462600708,339,845
1.1510627269744873,375,850
1.1954214572906494,412,848
1.2350425720214844,446,850
1.2781457901000977,482,849
1.3216874599456787,519,852
1.3673381805419922,559,854
1.4088807106018066,596,851
1.4567723274230957,637,851
1.498988389968872,673,852
1.5442910194396973,708,849
1.5897142887115479,749,849
1.628847360610962,783,850
1.6746766567230225,822,848
1.7177925109863281,856,850
1.7600483894348145,894,849
1.7988791465759277,931,849
1.8466970920562744,967,847
1.8924036026000977,1006,848
1.9366264343261719,1045,849
1.9836018085479736,1082,847
2.0280210971832275,1119,848
2.06886625289917,1158,849
2.114302396774292,1192,852
2.159363269805908,1231,845
2.202238082885742,1267,849
2.249807834625244,1309,849
2.29225754737854,1343,846
2.3345816135406494,1381,848
2.3784584999084473,1421,832
2.4272990226745605,1455,751
2.4688141345977783,1486,612
2.513856887817383,1507,443
2.564502716064453,1520,221
2.606949806213379,1523,28
2.6569066047668457,1516,-227
2.703988552093506,1500,-403
2.7460176944732666,1478,-569
2.7890303134918213,1444,-708
2.83465313911438,1413,-760
2.878980875015259,1377,-790
2.9258010387420654,1343,-804
2.964510679244995,1309,-809
3.0083603858947754,1273,-818
3.0594115257263184,1234,-819
3.102991819381714,1194,-819
3.1482958793640137,1158,-823
3.1929426193237305,1124,-819
3.2345211505889893,1089,-821
3.2790777683258057,1051,-821
3.322925090789795,1017,-821
3.364952325820923,981,-820
3.4088776111602783,943,-821
3.45788311958313,907,-821
3.5036635398864746,869,-821
3.5474185943603516,833,-820
3.58888840675354,795,-826
3.6357405185699463,760,-820
3.67817759513855,726,-823
3.722409963607788,688,-819
3.764777183532715,652,-825
3.808624744415283,616,-821
3.8569514751434326,575,-775
3.904120683670044,545,-679
3.947526454925537,520,-513
3.9917025566101074,502,-339
4.034861087799072,493,-155
4.078255653381348,494,21
4.122412204742432,502,241
4.166766166687012,519,471
4.212905406951904,547,639
4.259431600570679,580,755
4.303681373596191,615,803
4.342539072036743,649,824
4.38493013381958,684,839
4.432546377182007,723,844
4.474663257598877,760,846
4.523541212081909,799,849
4.563734531402588,833,851
4.603816986083984,867,850
4.647697448730469,905,853
4.688204526901245,939,848
4.732161045074463,976,849
4.777426242828369,1015,849
4.82107400894165,1054,850
4.8644115924835205,1090,848
4.90677285194397,1127,849
4.952192544937134,1163,849
4.99488377571106,1200,847
5.034974813461304,1236,850
5.0866618156433105,1280,846
5.132188558578491,1316,851
5.176588296890259,1355,854
5.2237701416015625,1394,847
5.265649318695068,1429,825
5.314146518707275,1466,725
5.356657981872559,1495,563
5.401065349578857,1514,391
5.449569225311279,1525,174
5.493762731552124,1526,-29
5.534095048904419,1519,-201
5.574962377548218,1503,-438
5.621727466583252,1479,-602
5.664055824279785,1450,-725
5.706819772720337,1417,-769
5.752115488052368,1383,-793
5.7939183712005615,1349,-807
5.836461782455444,1313,-812
5.884124755859375,1276,-818
5.927038192749023,1240,-819
5.974506378173828,1200,-822
6.0146260261535645,1164,-819
6.060051441192627,1128,-820
6.103072166442871,1094,-821
6.148238182067871,1056,-822
6.194576978683472,1020,-821
6.2381391525268555,985,-822
6.284796714782715,945,-822
6.326924562454224,906,-821
6.3726396560668945,873,-823
6.417474985122681,837,-821
6.462721347808838,796,-822
6.507442235946655,763,-819
6.552586793899536,725,-824
6.594943523406982,687,-820
6.640069484710693,651,-823
6.6875011920928955,615,-820
6.731520891189575,579,-786
6.773887395858765,549,-696
6.817496061325073,522,-554
6.86288046836853,502,-374
6.90449595451355,492,-157
6.948963403701782,492,26
6.9975197315216064,501,256
7.038923740386963,518,449
7.094751358032227,550,668
7.139536619186401,582,755
7.183945417404175,617,801
7.227752208709717,653,821
7.269864559173584,691,835
7.312865257263184,726,837
7.359354257583618,766,842
7.403820514678955,800,844
7.44390344619751,834,846
7.488825798034668,875,847
7.5354204177856445,912,845
7.597346782684326,966,845
7.64371395111084,1003,848
7.683814764022827,1037,843
7.72935938835144,1076,848
7.772718667984009,1113,845
7.81761908531189,1150,847
7.867929697036743,1193,845
7.9089720249176025,1232,846
7.954284906387329,1267,850
7.99686336517334,1305,845
8.042231559753418,1340,849
8.087427854537964,1379,846
8.132156610488892,1416,816
8.174328327178955,1447,698
8.218344449996948,1475,514
8.264649868011475,1489,259
8.313441753387451,1495,40
8.354973077774048,1491,-146
8.403494834899902,1477,-373
8.44497561454773,1454,-573
8.490055084228516,1425,-698
8.533084869384766,1393,-760
8.579667806625366,1357,-784
8.619927644729614,1325,-802
8.664654016494751,1287,-808
8.708809614181519,1251,-815
8.756566524505615,1215,-815
8.803513288497925,1177,-820
8.845669031143188,1143,-817
8.886777877807617,1109,-820
8.93377947807312,1071,-818
8.973976373672485,1038,-819
9.016469955444336,1000,-820
9.067775964736938,961,-823
9.10794186592102,923,-819
9.154266357421875,890,-821
9.197885990142822,854,-822
9.238831281661987,816,-820
9.284411430358887,782,-819
9.325092554092407,746,-821
9.373534679412842,710,-819
9.412653923034668,675,-825
9.454945802688599,638,-805
9.504714488983154,602,-731
9.549864053726196,574,-597
9.592714071273804,552,-455
9.637943029403687,539,-253
9.681085348129272,534,-135
9.724512815475464,537,142
9.768775939941406,551,339
9.814419269561768,572,545
9.8551025390625,605,710
9.907531976699829,638,786
9.948716402053833,674,817
9.994455337524414,710,830
10.0364670753479,747,839
10.079024314880371,784,844
10.126649618148804,821,847
10.169999837875366,860,849
10.217741966247559,897,849
10.258262872695923,937,847
10.30971360206604,979,849
10.351711511611938,1011,845
10.394078731536865,1050,849
10.43460726737976,1083,843
10.478935718536377,1125,848
10.52445101737976,1160,850
10.567112684249878,1199,850
10.612548589706421,1235,850
10.655015468597412,1276,848
10.70654845237732,1315,849
10.74870777130127,1352,847
10.793069839477539,1387,832
10.83774185180664,1421,744
10.87947940826416,1448,620
10.92278504371643,1470,423
10.964863538742065,1482,191
11.012132406234741,1484,0
11.05482816696167,1477,-230
11.104034900665283,1461,-398
11.146608591079712,1437,-593
11.193759679794312,1405,-717
11.235054731369019,1371,-768
11.28393268585205,1336,-792
11.33053469657898,1297,-806
11.372236490249634,1265,-813
11.413989782333374,1231,-817
11.455076217651367,1193,-815
11.50470232963562,1154,-820
11.549933910369873,1118,-819
11.592231035232544,1085,-819
11.634963274002075,1046,-818
11.68404746055603,1010,-818
11.726699113845825,974,-819
11.773708820343018,936,-822
11.81395673751831,903,-818
11.85589075088501,866,-819
11.904611110687256,828,-817
11.949607610702515,791,-817
11.988834619522095,758,-817
12.034270524978638,723,-818
12.077109098434448,684,-814
12.12220573425293,651,-811
12.16457462310791,617,-763
12.209977388381958,585,-649
12.254466772079468,561,-498
12.304208993911743,543,-286
12.347880601882935,536,-133
12.393415451049805,539,94
12.43738842010498,549,296
12.48100996017456,567,486
12.522988080978394,595,665
12.565016746520996,627,753
12.617473363876343,665,804
12.66165280342102,701,826
12.709460973739624,741,836
12.75411081314087,777,838
12.794782161712646,816,844
12.843357563018799,853,844
12.885098934173584,889,845
12.927871465682983,925,849
12.973417043685913,963,845
13.01177430152893,996,846
13.054635286331177,1033,847
13.103937864303589,1074,847
13.144717931747437,1111,849
13.18883204460144,1148,849
13.234546899795532,1187,847
13.279906988143921,1225,850
13.321502923965454,1259,850
13.364367246627808,1296,850
13.407099485397339,1335,848
13.454256296157837,1370,833
13.50150203704834,1409,765
13.547055006027222,1441,623
13.589544773101807,1461,463
13.632593154907227,1476,273
13.674986600875854,1482,137
13.724108934402466,1478,-119
13.765827894210815,1464,-355
13.812153339385986,1444,-554
13.855772972106934,1412,-701
13.906650066375732,1376,-767
13.953683614730835,1340,-791
13.993824005126953,1308,-806
14.034523010253906,1274,-815
14.079599142074585,1236,-815
14.12376594543457,1202,-819
14.16774868965149,1166,-819
14.209683179855347,1128,-822
14.250980138778687,1095,-823
14.298232793807983,1056,-822
14.342427253723145,1021,-821
14.386823415756226,985,-818
14.43389630317688,948,-817
14.474524736404419,911,-821
14.523563146591187,874,-819
14.56459903717041,838,-819
14.604869842529297,805,-819
14.651353120803833,769,-818
14.697804689407349,731,-817
14.743539094924927,693,-819
14.784197568893433,661,-818
14.826548099517822,623,-792
14.871852397918701,592,-692
14.914522409439087,563,-546
14.958453178405762,545,-383
15.003838062286377,535,-174
15.044532060623169,534,0
15.094137191772461,542,235
15.13982081413269,561,430
15.183866024017334,584,621
15.22382402420044,614,740
15.266480922698975,649,795
15.313506126403809,684,820
15.357370376586914,721,832
15.40361738204956,759,843
15.447934865951538,796,842
15.493920803070068,835,848
15.537992238998413,872,851
15.578714609146118,910,847
15.62455940246582,947,846
15.669896841049194,988,846
15.714343786239624,1023,848
15.7569739818573,1064,850
15.804156064987183,1098,853
15.847943544387817,1136,849
15.894908666610718,1177,846
15.938395738601685,1215,850
15.98144793510437,1249,849
16.024670600891113,1290,849
16.07156014442444,1326,847
16.11228084564209,1361,849
16.15455150604248,1397,819
16.19805598258972,1428,712
16.24225401878357,1455,552
16.28550672531128,1473,347
16.32827877998352,1483,156
16.37290048599243,1481,-17
16.41679620742798,1471,-297
16.4624240398407,1452,-510
16.505083322525024,1425,-667
16.55379605293274,1392,-743
16.59567427635193,1358,-780
16.639765977859497,1321,-798
16.684860944747925,1288,-806
16.733497381210327,1249,-815
16.77382516860962,1216,-817
16.816692352294922,1180,-820
16.85892963409424,1141,-817
16.90452241897583,1106,-819
16.948174715042114,1073,-819
16.992738485336304,1036,-820
17.03422212600708,1003,-817
17.076788902282715,962,-819
17.124646425247192,928,-818
17.168365478515625,890,-822
17.2120578289032,857,-821
17.254473447799683,819,-823
17.298622846603394,783,-817
17.344107627868652,749,-818
17.387688875198364,713,-818
17.432696104049683,675,-819
17.477428436279297,639,-798
17.525421142578125,603,-716
17.57987141609192,566,-579
17.6283061504364,544,-416
17.673616886138916,532,-246
17.716980695724487,527,-129
17.761106252670288,531,115
17.813523054122925,546,359
17.854241371154785,565,551
17.900056838989258,597,719
17.944348096847534,631,778
17.987837553024292,665,812
18.02965235710144,703,826
18.07228422164917,738,837
18.11533761024475,771,839
18.158221006393433,807,845
18.20303702354431,847,845
18.24772047996521,883,849
18.29281497001648,923,848
18.33573603630066,959,848
18.38255500793457,998,849
18.429651021957397,1039,847
18.46872878074646,1075,848
18.514408111572266,1112,849
18.56160044670105,1149,848
18.6039936542511,1185,850
18.646308660507202,1224,851
18.692833423614502,1263,850
18.735092878341675,1300,850
18.778417348861694,1336,851
18.824044942855835,1371,838
18.86795926094055,1407,787
18.90885305404663,1441,666
18.954795598983765,1464,492
18.999006509780884,1480,290
19.045925855636597,1486,94
19.093074560165405,1481,-164
19.134660959243774,1469,-366
19.181028842926025,1445,-551
19.224868774414062,1414,-704
19.271587371826172,1383,-757
19.314215421676636,1350,-791
19.35932230949402,1313,-802
19.402286291122437,1278,-811
19.44771385192871,1242,-815
19.49600601196289,1203,-819
19.5438392162323,1162,-817
19.585405588150024,1129,-817
19.626641273498535,1095,-817
19.672290563583374,1057,-820
19.714849710464478,1020,-817
19.763571977615356,984,-821
19.807748079299927,948,-818
19.848142623901367,910,-819
19.896254777908325,874,-819
19.939891815185547,838,-819
19.98160481452942,805,-818
20.024580240249634,769,-818
