0.07139039039611816,0,0
0.09829449653625488,0,0
0.12240791320800781,0,0
0.14870095252990723,0,0
0.1731870174407959,0,0
0.19925618171691895,0,0
0.2230238914489746,0,0
0.24928617477416992,0,0
0.273404598236084,0,0
0.2991948127746582,0,0
0.3231027126312256,0,0
0.34864020347595215,0,0
0.37823486328125,0,0
0.40305280685424805,0,0
0.4281184673309326,0,0
0.45315003395080566,0,0
0.47831058502197266,0,0
0.5035953521728516,0,0
0.5287749767303467,0,0
0.55381178855896,0,0
0.5866937637329102,0,0
0.6296417713165283,0,0
0.6706454753875732,0,0
0.7196722030639648,0,0
0.7642145156860352,0,0
0.8092091083526611,0,0
0.853013277053833,0,0
0.8954672813415527,0,0
0.9362173080444336,0,0
0.9783658981323242,0,0
1.0224745273590088,0,0
1.068164348602295,0,0
1.110729455947876,0,0
1.1574175357818604,0,0
1.2002642154693604,0,0
1.244492769241333,0,0
1.2891409397125244,0,0
1.3303580284118652,0,0
1.3774216175079346,0,0
1.4207313060760498,0,0
1.46024489402771,0,0
1.506779670715332,0,0
1.549879550933838,2,19
1.5974714756011963,21,523
1.6416349411010742,49,701
1.6831605434417725,80,775
1.7279963493347168,117,814
1.7723312377929688,155,833
1.8172025680541992,191,842
1.8596932888031006,226,848
1.8998961448669434,261,854
1.9439280033111572,300,855
1.9919586181640625,343,859
2.0337624549865723,375,857
2.0790727138519287,415,858
2.1210148334503174,451,857
2.1607167720794678,488,859
2.2094593048095703,526,858
2.2531464099884033,564,857
2.296686887741089,603,857
2.343409538269043,641,858
2.388563632965088,682,858
2.4325428009033203,718,860
2.474562406539917,759,856
2.5204522609710693,796,861
2.5695555210113525,835,857
2.6156225204467773,878,856
2.6596245765686035,913,859
2.702471971511841,950,858
2.7474703788757324,988,861
2.7939019203186035,1031,862
2.838376522064209,1067,858
2.8851442337036133,1109,862
2.9303908348083496,1148,860
2.974590301513672,1186,859
3.0187361240386963,1224,862
3.0624306201934814,1260,860
3.10795259475708,1299,859
3.1524558067321777,1339,857
3.2016823291778564,1382,855
3.247897148132324,1418,862
3.293583869934082,1457,860
3.3358142375946045,1497,860
3.382157564163208,1535,862
3.4293532371520996,1575,860
3.4725539684295654,1616,862
3.518324375152588,1654,859
3.562546491622925,1692,858
3.612520694732666,1733,859
3.660088062286377,1774,863
3.702683925628662,1814,857
3.7513420581817627,1852,862
3.7926387786865234,1893,859
3.8400819301605225,1931,862
3.885204553604126,1969,860
3.928799867630005,2007,859
3.9757978916168213,2046,861
4.020450830459595,2086,861
4.067917823791504,2124,862
4.110645771026611,2165,857
4.157815456390381,2201,809
4.202298402786255,2236,697
4.248337268829346,2263,540
4.2951366901397705,2281,334
4.34299373626709,2288,99
4.418359041213989,2277,-268
4.514184951782227,2236,-636
4.633407354354858,2149,-798
4.678167104721069,2112,-813
4.726168394088745,2073,-821
4.775258302688599,2031,-830
4.820308446884155,1993,-826
4.869207382202148,1955,-829
4.9104907512664795,1917,-829
4.959775924682617,1881,-828
5.000789165496826,1842,-831
5.05672550201416,1797,-829
5.100297212600708,1763,-832
5.144155740737915,1724,-830
5.192615509033203,1683,-830
5.240283012390137,1645,-832
5.287468671798706,1608,-828
5.332611560821533,1568,-835
5.380068778991699,1529,-834
5.424086332321167,1491,-830
5.46973443031311,1456,-831
5.513201713562012,1420,-829
5.5599915981292725,1381,-831
5.611116170883179,1338,-832
5.6553895473480225,1300,-833
5.699259996414185,1265,-829
5.741105794906616,1230,-833
5.7845001220703125,1189,-833
5.831812858581543,1152,-829
5.879825115203857,1115,-833
5.922319412231445,1079,-831
5.96576189994812,1042,-832
6.013673305511475,1004,-831
6.059412240982056,965,-830
6.10009503364563,931,-835
6.142447471618652,894,-833
6.188190698623657,857,-832
6.230581283569336,821,-830
6.277740716934204,784,-831
6.324244022369385,743,-835
6.36927056312561,706,-833
6.4191811084747314,666,-830
6.460708141326904,631,-832
6.502513885498047,594,-832
6.54994797706604,558,-833
6.595121145248413,519,-833
6.6379218101501465,483,-832
6.683838129043579,446,-833
6.727115154266357,410,-830
6.770531415939331,371,-831
6.821197986602783,331,-832
6.86959433555603,292,-830
6.910336971282959,257,-836
6.954457759857178,218,-829
7.001063585281372,182,-834
7.045663118362427,142,-831
7.093498468399048,105,-831
7.134612798690796,69,-831
7.184632778167725,25,-829
7.230119228363037,-9,-820
7.275590181350708,-47,-768
7.323307752609253,-77,-636
7.367904424667358,-101,-459
7.412495136260986,-117,-271
7.459937810897827,-123,-134
7.500795602798462,-119,122
7.548609018325806,-107,317
7.6023783683776855,-81,593
7.6505138874053955,-46,737
7.693879127502441,-16,794
7.737869739532471,19,824
7.785073280334473,59,841
7.829984426498413,97,851
7.873448133468628,134,854
7.917467355728149,172,857
7.961190938949585,210,857
8.0098397731781,251,856
8.055675745010376,294,861
8.098171949386597,329,857
8.140146970748901,366,861
8.183708429336548,401,859
8.22819709777832,440,858
8.27260947227478,480,859
8.319476127624512,518,857
8.359642505645752,552,858
8.445529460906982,628,863
8.534211158752441,709,858
8.638510942459106,797,861
8.687108516693115,835,861
8.733078241348267,874,860
8.779255390167236,914,863
8.822229146957397,953,858
8.869504690170288,991,862
8.913419723510742,1029,860
8.95552921295166,1067,859
8.999167442321777,1103,861
9.038526058197021,1140,861
9.083652257919312,1176,863
9.129185438156128,1216,860
9.171046257019043,1252,862
9.218132972717285,1293,865
9.26367449760437,1331,861
9.308620691299438,1373,864
9.354074716567993,1412,863
9.398706912994385,1454,862
9.444546222686768,1492,862
9.490047454833984,1528,862
9.536778450012207,1569,862
9.578101634979248,1605,861
9.62038516998291,1640,862
9.669077396392822,1681,865
9.708495616912842,1718,860
9.752361297607422,1756,865
9.795768022537231,1794,860
9.840065956115723,1830,864
9.883563041687012,1866,860
9.926254987716675,1906,860
9.973142385482788,1943,862
10.020514965057373,1988,866
10.074990510940552,2031,862
10.119781970977783,2069,828
10.16069746017456,2103,694
10.207930564880371,2129,512
10.253574132919312,2146,294
10.297236204147339,2153,131
10.343408823013306,2151,-54
10.39539361000061,2136,-356
10.437459230422974,2117,-541
10.481932640075684,2086,-686
10.525507926940918,2054,-753
10.570160865783691,2021,-787
10.613428831100464,1988,-803
10.655789136886597,1950,-815
10.702163219451904,1913,-823
10.748138189315796,1875,-823
10.794293642044067,1833,-827
10.842352390289307,1799,-827
10.888270139694214,1760,-830
10.933574914932251,1724,-831
10.978187799453735,1686,-827
11.022327899932861,1648,-830
11.069761514663696,1611,-828
11.1192045211792,1570,-828
11.16019344329834,1535,-826
11.209959030151367,1495,-827
11.256749391555786,1455,-830
11.298599004745483,1419,-830
11.34350037574768,1384,-830
11.389978885650635,1346,-828
11.433426141738892,1309,-828
11.479631185531616,1271,-828
11.52248215675354,1233,-831
11.570003032684326,1197,-829
11.619665622711182,1155,-830
11.66372799873352,1118,-828
11.70825982093811,1077,-828
11.75386667251587,1043,-833
11.800312995910645,1004,-829
11.844120025634766,965,-831
11.889789819717407,931,-833
11.933419942855835,894,-828
11.976714134216309,857,-831
12.024270296096802,814,-828
12.070071458816528,779,-831
12.112454891204834,743,-833
12.159488439559937,706,-829
12.202449083328247,668,-831
12.247919797897339,633,-830
12.292418479919434,593,-831
12.338357210159302,555,-830
12.385579109191895,517,-831
12.43018126487732,480,-832
12.478161334991455,438,-834
12.526275634765625,400,-832
12.567503690719604,367,-832
12.614142179489136,325,-833
12.660763025283813,289,-829
12.70264983177185,249,-832
12.750182628631592,214,-829
12.798298358917236,172,-831
12.842474222183228,135,-832
12.888130903244019,99,-833
12.935113191604614,59,-831
12.980144739151001,22,-829
13.024447202682495,-16,-822
13.072127342224121,-53,-773
13.11452031135559,-85,-661
13.163635015487671,-108,-474
13.210383653640747,-125,-265
13.257479906082153,-130,-132
13.300299882888794,-127,70
13.347295045852661,-115,333
13.391757726669312,-95,558
13.434164762496948,-64,704
13.480391502380371,-31,781
13.522416353225708,5,816
13.569535970687866,41,835
13.616251707077026,84,846
13.660607814788818,119,851
13.704148769378662,159,854
13.750230550765991,198,858
13.797252655029297,236,860
13.840682744979858,281,857
13.888267755508423,315,860
13.93252182006836,355,861
13.979856729507446,393,862
14.02829885482788,436,863
14.075059413909912,479,861
14.123181343078613,517,859
14.168139934539795,556,861
14.20999026298523,591,861
14.250331401824951,630,861
14.299787044525146,668,859
14.343066692352295,706,860
14.389463901519775,746,863
14.433433532714844,784,857
14.47448468208313,823,862
14.520730972290039,861,860
14.567464828491211,899,857
14.610747337341309,939,860
14.654489517211914,978,861
14.70177173614502,1014,861
14.744417428970337,1056,859
14.790383577346802,1095,859
14.845081090927124,1138,861
14.889789342880249,1176,861
14.931743383407593,1212,858
14.979359149932861,1253,861
15.019523620605469,1288,859
15.070040225982666,1335,861
15.11522889137268,1371,862
15.160065650939941,1410,859
15.209073543548584,1451,857
15.251337766647339,1491,861
15.299439907073975,1529,860
15.3397798538208,1563,862
15.384458780288696,1606,858
15.43367075920105,1644,859
15.477108240127563,1682,861
15.519970178604126,1721,859
15.567228555679321,1759,862
15.617128610610962,1804,863
15.663584232330322,1842,859
15.703785419464111,1877,862
15.747814416885376,1915,859
15.793129920959473,1954,861
15.839788913726807,1994,861
15.881789445877075,2033,857
15.928277254104614,2071,840
15.972490072250366,2107,747
16.023521184921265,2138,568
16.067205905914307,2158,392
16.109588384628296,2168,197
16.152428150177002,2170,-33
16.19845700263977,2161,-250
16.2445547580719,2141,-497
16.289701223373413,2115,-661
16.333060026168823,2084,-751
16.378575325012207,2045,-787
16.4300274848938,2006,-811
16.47269320487976,1969,-815
16.51998233795166,1934,-827
16.563920974731445,1893,-827
16.610202312469482,1856,-831
16.65926432609558,1818,-832
16.698732614517212,1783,-831
16.746792793273926,1743,-832
16.79237961769104,1705,-830
16.841538190841675,1663,-834
16.887966632843018,1627,-830
16.930527925491333,1590,-831
16.97987461090088,1552,-831
17.02259850502014,1513,-832
17.070120096206665,1475,-832
17.115607023239136,1437,-832
17.158775806427002,1400,-833
17.20676851272583,1359,-835
17.250566959381104,1322,-832
17.298303604125977,1283,-834
17.34388828277588,1249,-833
17.390357732772827,1207,-833
17.43459415435791,1170,-834
17.48213243484497,1131,-831
17.5280921459198,1094,-832
17.572449922561646,1056,-831
17.625510215759277,1011,-830
17.67168402671814,976,-831
17.715534925460815,936,-829
17.75990104675293,903,-832
17.803465604782104,866,-832
17.848139762878418,827,-833
17.8950297832489,786,-833
17.940223932266235,749,-832
17.984490156173706,713,-831
18.033855438232422,674,-833
18.078548192977905,634,-834
18.125511407852173,596,-832
18.167922735214233,561,-833
18.210640907287598,525,-833
18.26002597808838,485,-831
18.302648305892944,448,-835
18.349523067474365,411,-833
18.421709537506104,351,-834
18.515265941619873,271,-832
18.631120204925537,176,-832
18.683430671691895,133,-836
18.725459098815918,95,-833
18.769619464874268,61,-833
18.810369968414307,21,-831
18.863405227661133,-17,-829
18.904043197631836,-54,-830
18.949601888656616,-89,-832
18.990676641464233,-127,-834
19.039565086364746,-163,-796
19.08033275604248,-195,-699
19.129234552383423,-224,-550
19.173128366470337,-242,-340
19.21968388557434,-250,-142
19.263147354125977,-249,36
19.310089349746704,-237,308
19.35945963859558,-217,519
19.403785705566406,-185,691
19.45039129257202,-151,773
19.49577307701111,-116,816
19.539984464645386,-81,831
19.584067344665527,-41,846
19.630736351013184,0,853
19.679306983947754,37,853
19.722366094589233,77,859
19.769603729248047,115,857
19.810696601867676,153,860
19.85866069793701,194,864
19.904667377471924,234,858
19.953970909118652,275,857
19.99920392036438,313,860
