0.07271003723144531,0,0
0.10133790969848633,0,0
0.12482237815856934,0,0
0.14992523193359375,0,0
0.17360663414001465,0,0
0.1985759735107422,0,0
0.2221229076385498,0,0
0.2467508316040039,0,0
0.27129030227661133,0,0
0.2967972755432129,0,0
0.32084107398986816,0,0
0.3452630043029785,0,0
0.36980557441711426,0,0
0.3941221237182617,0,0
0.41846394538879395,0,0
0.44678807258605957,0,0
0.47130918502807617,0,0
0.500823974609375,0,0
0.5244317054748535,0,0
0.5496938228607178,0,0
0.5801208019256592,0,0
0.6219611167907715,0,0
0.665579080581665,0,0
0.7104160785675049,0,0
0.751495361328125,0,0
0.7933590412139893,0,0
0.840717077255249,0,0
0.8816883563995361,0,0
0.9254636764526367,0,0
0.9705276489257812,0,0
1.0111448764801025,0,0
1.0515525341033936,0,0
1.0952377319335938,0,0
1.1375195980072021,0,0
1.1794977188110352,0,0
1.2254722118377686,0,0
1.2687034606933594,2,12
1.31058669090271,18,483
1.3549787998199463,45,682
1.393148422241211,75,761
1.4349358081817627,106,803
1.4780364036560059,144,824
1.5210175514221191,177,837
1.5644207000732422,215,843
1.6059978008270264,252,852
1.6520013809204102,289,849
1.6938226222991943,327,853
1.7360689640045166,364,852
1.7844011783599854,402,857
1.8257319927215576,440,855
1.869936466217041,477,856
1.9131042957305908,511,853
1.9547667503356934,547,854
1.9955322742462158,585,858
2.045147180557251,625,856
2.090547561645508,664,857
2.130978584289551,698,853
2.173692464828491,736,860
2.2159695625305176,774,855
2.2612829208374023,810,859
2.305727481842041,853,855
2.354379415512085,890,856
2.3994619846343994,930,856
2.4444501399993896,967,858
2.489572286605835,1007,854
2.533572196960449,1046,857
2.5787384510040283,1082,853
2.619804620742798,1120,859
2.666743278503418,1159,857
2.70961856842041,1199,856
2.7539474964141846,1233,860
2.800877809524536,1273,855
2.8437304496765137,1312,857
2.890929698944092,1350,857
2.932058811187744,1386,858
2.9767189025878906,1427,858
3.021123170852661,1462,857
3.064837694168091,1499,859
3.1057822704315186,1539,858
3.1514315605163574,1577,859
3.1949644088745117,1611,854
3.2398910522460938,1651,858
3.283339738845825,1690,859
3.328080892562866,1728,857
3.371776580810547,1764,859
3.4175636768341064,1803,857
3.459683418273926,1839,860
3.504753351211548,1877,855
3.546971082687378,1915,856
3.591639280319214,1952,843
3.6397275924682617,1992,771
3.6817240715026855,2020,643
3.725275754928589,2044,447
3.7699460983276367,2057,244
3.815411329269409,2061,135
3.8613500595092773,2055,-195
3.9044928550720215,2041,-401
3.948561429977417,2017,-598
3.9945003986358643,1986,-718
4.0400550365448,1949,-776
4.084660291671753,1916,-799
4.1285240650177,1881,-811
4.1719605922698975,1845,-820
4.214450836181641,1810,-826
4.260570049285889,1772,-830
4.3049657344818115,1735,-831
4.3481285572052,1695,-829
4.391065359115601,1664,-831
4.4318766593933105,1624,-830
4.479801893234253,1587,-833
4.523359060287476,1551,-831
4.570455074310303,1514,-835
4.609246492385864,1482,-833
4.654847860336304,1444,-831
4.698420286178589,1407,-829
4.751359701156616,1364,-829
4.796708583831787,1324,-830
4.841799020767212,1286,-830
4.885878562927246,1249,-829
4.930986166000366,1215,-831
4.973942279815674,1178,-831
5.021320343017578,1140,-829
5.063698768615723,1098,-832
5.109715223312378,1063,-831
5.152941942214966,1030,-827
5.20039176940918,991,-829
5.244757890701294,954,-828
5.289121389389038,917,-831
5.333508729934692,879,-827
5.3760175704956055,841,-833
5.424641847610474,805,-828
5.468846321105957,768,-832
5.515955686569214,723,-831
5.561455726623535,690,-829
5.606962203979492,650,-831
5.656758785247803,611,-827
5.699805021286011,572,-829
5.746712923049927,536,-829
5.789087533950806,503,-833
5.831529855728149,466,-829
5.878462791442871,428,-832
5.921098709106445,393,-830
5.965773344039917,353,-830
6.010090112686157,317,-829
6.055498838424683,277,-826
6.101634502410889,240,-832
6.14591121673584,200,-829
6.1949121952056885,165,-833
6.235250949859619,129,-829
6.275635004043579,96,-810
6.322470188140869,62,-737
6.366641998291016,33,-610
6.40924859046936,14,-413
6.455620765686035,0,-187
6.501575708389282,-2,-35
6.5451133251190186,3,163
6.590617418289185,19,398
6.630417346954346,41,594
6.671923398971558,73,735
6.718455791473389,105,796
6.759867906570435,141,825
6.803840637207031,178,840
6.852125406265259,217,847
6.899415969848633,258,853
6.940861463546753,295,854
6.983059883117676,328,858
7.026640176773071,367,857
7.065530776977539,401,860
7.110994100570679,437,858
7.15190577507019,474,859
7.193834066390991,515,859
7.238873720169067,548,855
7.285595178604126,591,860
7.330129384994507,630,856
7.376643896102905,669,857
7.418687582015991,702,856
7.461539268493652,742,861
7.508549451828003,779,858
7.548771858215332,814,856
7.59175181388855,852,860
7.634858131408691,888,857
7.681284189224243,927,859
7.723714113235474,967,855
7.768707036972046,1003,860
7.813000440597534,1041,856
7.854533433914185,1077,856
7.901012182235718,1116,859
7.943877935409546,1154,857
7.990056276321411,1193,858
8.03111481666565,1227,857
8.075357675552368,1269,861
8.118639945983887,1303,859
8.16199779510498,1341,859
8.203880548477173,1382,859
8.250587940216064,1416,858
8.294739961624146,1454,860
8.339298963546753,1494,859
8.384653329849243,1532,860
8.429795265197754,1571,859
8.477142572402954,1612,858
8.521003007888794,1649,861
8.563589334487915,1686,857
8.606059789657593,1726,862
8.65425992012024,1763,861
8.695646524429321,1801,858
8.741689443588257,1841,858
8.78645658493042,1877,859
8.829195737838745,1913,842
8.875481128692627,1953,772
8.919938564300537,1982,635
8.961493968963623,2004,472
9.00810432434082,2018,260
9.051393270492554,2023,144
9.098430395126343,2019,-155
9.139722347259521,2005,-351
9.183902740478516,1983,-574
9.22977066040039,1952,-707
9.274976015090942,1917,-772
9.321606397628784,1882,-799
9.362085342407227,1846,-817
9.409731388092041,1807,-820
9.453768968582153,1774,-828
9.499334573745728,1735,-834
9.541981935501099,1699,-832
9.590584993362427,1661,-834
9.635092496871948,1624,-830
9.681484460830688,1584,-832
9.726602554321289,1547,-831
9.793832302093506,1491,-831
9.840012073516846,1451,-833
9.88482666015625,1416,-833
9.925761699676514,1379,-833
9.97180700302124,1341,-832
10.016616582870483,1303,-832
10.061497688293457,1268,-837
10.107110261917114,1229,-833
10.152330160140991,1193,-832
10.195631742477417,1155,-833
10.239409685134888,1120,-831
10.283952951431274,1081,-832
10.331568956375122,1043,-829
10.376635789871216,1005,-834
10.419306516647339,970,-831
10.467029094696045,930,-832
10.518052816390991,888,-832
10.561166048049927,853,-832
10.606748819351196,812,-831
10.650561809539795,779,-831
10.69115686416626,745,-833
10.732117891311646,707,-830
10.778491735458374,672,-834
10.820876836776733,637,-833
10.866452693939209,599,-834
10.910676002502441,562,-833
10.950050115585327,527,-834
10.993799209594727,490,-832
11.04075813293457,454,-834
11.081739664077759,417,-834
11.128867149353027,380,-831
11.171784162521362,342,-834
11.216899871826172,304,-831
11.263467788696289,267,-832
11.308743238449097,231,-828
11.351351976394653,196,-833
11.395147562026978,159,-829
11.439173460006714,123,-827
11.481542348861694,87,-775
11.525460243225098,55,-668
11.569792032241821,32,-492
11.613759279251099,15,-290
11.661842823028564,9,-140
11.710624933242798,12,70
11.751680374145508,25,346
11.79590392112732,45,557
11.842056512832642,75,711
11.884496450424194,107,787
11.928714513778687,143,816
11.97146224975586,181,836
12.015047550201416,215,846
12.055891990661621,254,853
12.102016687393188,293,855
12.149214744567871,329,856
12.191828727722168,369,855
12.240591287612915,408,854
12.280864238739014,446,856
12.324964761734009,480,857
12.370936393737793,519,858
12.41342544555664,559,857
12.461493968963623,598,858
12.504909992218018,634,859
12.549156188964844,672,855
12.591402530670166,712,860
12.635621547698975,751,856
12.681233167648315,785,857
12.72372055053711,825,856
12.768576383590698,861,857
12.809814691543579,900,860
12.854123830795288,937,855
12.903800964355469,979,861
12.949274778366089,1017,858
12.992761373519897,1053,858
13.032891273498535,1091,859
13.078481674194336,1127,856
13.124772310256958,1166,859
13.16680645942688,1204,856
13.208564043045044,1239,859
13.25140929222107,1276,856
13.296002388000488,1317,858
13.339570999145508,1352,859
13.382131338119507,1388,860
13.427058696746826,1429,859
13.471368551254272,1465,857
13.513805866241455,1501,859
13.559294939041138,1541,860
13.60189700126648,1580,859
13.64699101448059,1618,860
13.696829557418823,1659,856
13.73953914642334,1697,859
13.783670902252197,1735,857
13.829461812973022,1773,857
13.872003555297852,1812,860
13.919297218322754,1850,857
13.964738845825195,1887,856
14.010849237442017,1927,836
14.04969048500061,1959,757
14.098527669906616,1989,581
14.144889116287231,2010,382
14.187102556228638,2021,221
14.229962348937988,2023,23
14.273336410522461,2016,-198
14.315644025802612,1999,-419
14.359681606292725,1975,-626
14.404836654663086,1945,-729
14.450466394424438,1910,-773
14.49205231666565,1873,-804
14.539222955703735,1839,-813
14.58451247215271,1801,-821
14.62585711479187,1762,-825
14.674490928649902,1727,-830
14.715736627578735,1689,-830
14.76235818862915,1654,-830
14.815185308456421,1611,-833
14.856858491897583,1572,-831
14.904804706573486,1536,-829
14.945820331573486,1499,-830
14.991075277328491,1464,-833
15.03350281715393,1427,-833
15.078514814376831,1391,-832
15.120771408081055,1356,-830
15.163660526275635,1319,-833
15.205776691436768,1283,-831
15.253598928451538,1245,-834
15.302558898925781,1205,-833
15.34485125541687,1170,-833
15.388617753982544,1133,-834
15.431941747665405,1097,-829
15.47640085220337,1060,-832
15.523762941360474,1019,-830
15.569692134857178,979,-832
15.61375641822815,943,-830
15.661311149597168,907,-829
15.70593810081482,866,-831
15.754464149475098,829,-830
15.797139883041382,793,-830
15.84447717666626,754,-831
15.885090351104736,721,-832
15.928747653961182,685,-826
15.971231460571289,650,-829
16.012008666992188,611,-828
16.059457063674927,575,-831
16.105836391448975,535,-830
16.151461839675903,499,-831
16.196831464767456,460,-833
16.238775491714478,427,-829
16.282013416290283,391,-832
16.323732376098633,354,-829
16.36680030822754,318,-832
16.4135684967041,279,-830
16.459693908691406,241,-830
16.507107257843018,201,-829
16.552733182907104,167,-829
16.596482515335083,130,-831
16.63958978652954,94,-808
16.684911251068115,61,-712
16.728135347366333,33,-573
16.77006983757019,14,-389
16.811386108398438,4,-176
16.85381245613098,3,0
16.901795625686646,13,282
16.94612741470337,31,471
16.992005586624146,60,662
17.03605628013611,92,760
17.081398963928223,127,812
17.126500368118286,165,833
17.171403408050537,201,841
17.213659048080444,238,846
17.26039457321167,275,853
17.307018518447876,316,852
17.34859585762024,353,860
17.393445253372192,392,858
17.44061017036438,430,857
17.480823040008545,464,858
17.52200722694397,502,858
17.568578004837036,539,857
17.610012531280518,579,857
17.65574598312378,619,859
17.70655107498169,660,861
17.750831842422485,696,856
17.791605949401855,732,858
17.833613395690918,768,858
17.880481481552124,808,860
17.92072892189026,842,858
17.963497400283813,880,861
18.00683093070984,918,860
18.049602031707764,955,861
18.0985369682312,997,861
18.142080545425415,1035,857
18.190797328948975,1074,859
18.231003522872925,1109,857
18.273324489593506,1146,859
18.318111658096313,1184,857
18.361165046691895,1220,861
18.40373182296753,1260,860
18.45123314857483,1298,859
18.500072479248047,1341,858
18.544498205184937,1378,858
18.590437650680542,1418,856
18.631333589553833,1452,858
18.67518424987793,1490,856
18.721333503723145,1529,859
18.76366901397705,1567,861
18.809263706207275,1605,857
18.852830171585083,1646,862
18.904645919799805,1688,858
18.949105262756348,1725,858
18.992008447647095,1765,863
19.036937713623047,1805,862
19.082011461257935,1844,862
19.12995743751526,1884,856
19.173508167266846,1921,853
19.217119455337524,1958,816
19.261658430099487,1989,689
19.311890602111816,2017,473
19.355116844177246,2032,295
19.398468017578125,2040,135
19.442747116088867,2036,-80
19.485807418823242,2025,-337
19.531686067581177,2004,-554
19.575807809829712,1973,-698
19.622933387756348,1941,-765
19.666863441467285,1904,-794
19.711774826049805,1867,-813
19.75946569442749,1828,-820
19.801534414291382,1795,-825
19.85209059715271,1750,-827
19.901408195495605,1712,-827
19.944788455963135,1677,-828
19.985453844070435,1641,-831
20.029694318771362,1604,-829
