0.06850361824035645,0,0
0.0959923267364502,0,0
0.1197347640991211,0,0
0.1453568935394287,0,0
0.16885876655578613,0,0
0.19468307495117188,0,0
0.2186448574066162,0,0
0.2446753978729248,1,6
0.2686269283294678,7,208
0.2944824695587158,18,458
0.31854701042175293,32,594
0.3445546627044678,50,689
0.36866235733032227,68,741
0.3988609313964844,91,780
0.42371034622192383,110,802
0.44936299324035645,131,817
0.4743821620941162,153,828
0.4996824264526367,173,833
0.5247957706451416,195,840
0.5500128269195557,215,841
0.5843636989593506,247,845
0.6267476081848145,284,848
0.6715760231018066,321,848
0.7117953300476074,355,848
0.754694938659668,391,848
0.8054213523864746,432,849
0.8486692905426025,469,849
0.8940670490264893,506,851
0.939765453338623,546,850
0.9806382656097412,583,850
1.0275704860687256,624,849
1.0752031803131104,661,849
1.1136102676391602,694,851
1.159600019454956,733,852
1.205777883529663,772,854
1.2465569972991943,808,852
1.2928643226623535,848,851
1.3346967697143555,884,847
1.3786189556121826,922,848
1.4245305061340332,960,851
1.469724178314209,996,846
1.5107197761535645,1034,851
1.554945468902588,1074,840
1.6063909530639648,1112,775
1.650700569152832,1145,638
1.6981933116912842,1168,450
1.7453269958496094,1182,260
1.789616584777832,1188,137
1.8304674625396729,1185,-50
1.875889778137207,1174,-314
1.9212450981140137,1152,-527
1.9660942554473877,1121,-697
2.016613006591797,1084,-760
2.064039468765259,1050,-794
2.109785795211792,1013,-804
2.15537166595459,976,-811
2.203662633895874,935,-811
2.247661828994751,900,-766
2.294344425201416,868,-655
2.336944103240967,842,-495
2.3843584060668945,824,-283
2.4316024780273438,818,-131
2.4753897190093994,820,33
2.51883602142334,831,309
2.5644588470458984,852,508
2.6065781116485596,877,649
2.650235176086426,910,759
2.6949546337127686,947,802
2.7453830242156982,985,825
2.7847063541412354,1021,837
2.834374189376831,1060,832
2.8795549869537354,1095,773
2.9240646362304688,1127,685
2.966740608215332,1154,533
3.012458086013794,1172,351
3.0553367137908936,1181,155
3.098780393600464,1181,-69
3.14077091217041,1170,-271
3.1865274906158447,1151,-495
3.2365431785583496,1125,-654
3.2819340229034424,1091,-736
3.326228380203247,1059,-776
3.368591785430908,1024,-799
3.41589093208313,988,-806
3.4566843509674072,953,-807
3.500279188156128,918,-770
3.5461442470550537,888,-678
3.5947318077087402,858,-517
3.63763427734375,841,-345
3.6849334239959717,831,-174
3.726780652999878,830,0
3.7742879390716553,837,200
3.8185503482818604,852,384
3.861927032470703,874,556
3.90645694732666,903,703
3.9514822959899902,938,784
4.051417112350464,1019,831
4.140240669250488,1096,815
4.240853548049927,1171,644
4.284028053283691,1188,388
4.326202392578125,1196,183
4.370236873626709,1184,-333
4.417911767959595,1156,-643
4.464373350143433,1125,-738
4.5097246170043945,1092,-778
4.555504560470581,1055,-795
4.596851348876953,1022,-774
4.6399617195129395,992,-673
4.685697317123413,964,-536
4.728630542755127,946,-346
4.774142742156982,936,-176
4.823188304901123,934,-23
4.864563941955566,938,120
4.908745527267456,948,236
4.954726934432983,962,301
5.000374794006348,976,321
5.046122789382935,989,310
5.086584091186523,1002,259
5.134669780731201,1011,186
5.1787261962890625,1018,122
5.228442907333374,1020,63
5.275243043899536,1020,14
5.316784143447876,1019,-10
5.359930753707886,1017,-53
5.405535459518433,1014,-75
5.446268796920776,1010,-79
5.491448640823364,1007,-76
5.530794620513916,1004,-62
5.57620906829834,1002,-49
5.625760316848755,1000,-33
5.66832423210144,1000,-16
5.71047830581665,1000,-16
5.7562034130096436,1000,-7
5.803213834762573,1000,-2
5.845396518707275,1000,0
5.884623289108276,1000,0
5.928524732589722,1000,0
5.974745988845825,1000,0
6.024452447891235,1000,0
6.064661026000977,1000,0
6.108510971069336,1000,0
6.1557371616363525,1000,0
6.196689128875732,1000,0
6.243597745895386,1000,0
6.285480737686157,1000,0
6.32680344581604,1000,0
6.3703391551971436,1000,0
6.418457269668579,1000,0
6.462958097457886,1000,0
6.503472089767456,1000,0
6.546530485153198,1000,0
6.589759588241577,1000,0
6.629301309585571,1000,0
6.674323081970215,1000,0
6.71677827835083,1000,0
6.758400917053223,1000,0
6.8043553829193115,1000,0
6.8468358516693115,1000,0
6.893365144729614,1000,0
6.937439918518066,1000,0
6.981194496154785,1000,0
7.023993015289307,1000,0
7.068443059921265,1000,0
7.1087164878845215,1000,0
7.155419588088989,1000,0
7.197844982147217,1000,0
7.25114893913269,1000,0
7.2933337688446045,1000,0
7.335853099822998,1000,0
7.376526832580566,1000,0
7.421710968017578,1000,0
7.465979099273682,1000,0
7.509164810180664,1000,0
7.553234815597534,1000,0
7.594848394393921,1000,0
7.6440269947052,1000,0
7.686254024505615,1000,0
7.728710889816284,1000,0
7.775369644165039,1000,0
7.81811261177063,1000,0
7.860225439071655,1000,0
7.905413389205933,1000,0
7.945679187774658,1000,0
7.988621950149536,1000,0
8.03659200668335,1000,0
8.08229398727417,1000,0
8.125372171401978,1000,0
8.166438341140747,1000,0
8.215182781219482,1000,0
8.25598669052124,1000,0
8.29832911491394,1000,0
8.340296745300293,1000,0
8.384129285812378,1000,0
8.429375886917114,1000,0
8.475524663925171,1000,0
8.514402389526367,1000,0
8.555683851242065,1000,0
8.596571445465088,1000,0
8.640275955200195,1000,0
8.684008121490479,1000,0
8.72831130027771,1000,0
8.770171403884888,1000,0
8.816798686981201,1000,0
8.856861352920532,1000,0
8.90127420425415,1000,0
8.943660736083984,1000,0
8.985270261764526,1000,0
9.026445388793945,1000,0
9.071372270584106,1000,0
9.113558053970337,1000,0
9.154702425003052,1000,0
9.199699401855469,1000,0
9.24526309967041,1000,0
9.286580562591553,1000,0
9.33022427558899,1000,0
9.371779918670654,1000,0
9.413692951202393,1000,0
9.455965757369995,1000,0
9.50170636177063,1000,0
9.540311813354492,1000,0
9.583640813827515,1000,0
9.626936674118042,1000,0
9.674171447753906,1000,0
9.71668815612793,1000,0
9.763690710067749,1000,0
9.80668330192566,1000,0
9.852832317352295,1000,0
9.89585828781128,1000,0
9.93691110610962,1000,0
9.97668719291687,1000,0
10.026571035385132,1000,0
10.070874691009521,1000,0
10.119605302810669,1000,0
10.159293174743652,1000,0
10.203505754470825,1000,0
10.245701551437378,1000,0
10.286259174346924,1000,0
10.331160306930542,1000,0
10.373947381973267,1000,0
10.418315172195435,1000,0
10.462875604629517,1000,0
10.505891561508179,1000,0
10.546625852584839,1000,0
10.590359687805176,1000,0
10.635660409927368,1000,0
10.674745321273804,1000,0
10.716333866119385,1000,0
10.76017165184021,1000,0
10.803707361221313,1000,0
10.846874237060547,1000,0
10.892814636230469,1000,0
10.935998439788818,1000,0
10.97669768333435,1000,0
11.020806550979614,1000,0
11.067266941070557,1000,0
11.111529111862183,1000,0
11.149801969528198,1000,0
11.190837860107422,1000,0
11.242341041564941,1000,0
11.286338567733765,1000,0
11.3313889503479,1000,0
11.375350952148438,1000,0
11.419177532196045,1000,0
11.460857152938843,1000,0
11.504499197006226,1000,0
11.546757698059082,1000,0
11.593636512756348,1000,0
11.641562223434448,1000,0
11.683690309524536,1000,0
11.726295948028564,1000,0
11.766822099685669,1000,0
11.812911033630371,1000,0
11.85592532157898,1000,0
11.896763563156128,1000,0
11.94350552558899,1000,0
11.984698295593262,1000,0
12.029580116271973,1000,0
12.07046627998352,1000,0
12.115951538085938,1000,0
12.158159017562866,1000,0
12.200421571731567,1000,0
12.250259160995483,1000,0
12.29354476928711,1000,0
12.33605146408081,1000,0
12.380076885223389,1000,0
12.425615549087524,1000,0
12.466777324676514,1000,0
12.512381792068481,1000,0
12.55475664138794,1000,0
12.59792709350586,1000,0
12.640148878097534,1000,0
12.684372186660767,1000,0
12.726008653640747,1000,0
12.766343832015991,1000,0
12.810312032699585,1000,0
12.85797667503357,1000,0
12.900322914123535,1000,0
12.945623636245728,1000,0
12.987297058105469,1000,0
13.026738405227661,1000,0
13.067914009094238,1000,0
13.110217809677124,1000,0
13.15073037147522,1000,0
13.194597959518433,1000,0
13.24521803855896,1000,0
13.285306930541992,1000,0
13.326868057250977,1000,0
13.371443033218384,1000,0
13.415854215621948,1000,0
13.456225633621216,1000,0
13.49892807006836,1000,0
13.545236825942993,1000,0
13.584866762161255,1000,0
13.630569696426392,1000,0
13.676104545593262,1000,0
13.71924090385437,1000,0
13.763442516326904,1000,0
13.80618667602539,1000,0
13.849583148956299,1000,0
13.892327785491943,1000,0
13.934778213500977,1000,0
13.976966857910156,1000,0
14.024734020233154,1000,0
14.066200733184814,1000,0
14.10690426826477,1000,0
14.152973175048828,1000,0
14.197911739349365,1000,0
14.241201877593994,1000,0
14.283639192581177,1000,0
14.32487940788269,1000,0
14.366375207901001,1000,0
14.412875652313232,1000,0
14.459501266479492,1000,0
14.502804279327393,1000,0
14.545429706573486,1000,0
14.589242219924927,1000,0
14.634116172790527,1000,0
14.676271677017212,1000,0
14.719603300094604,1000,0
14.758439779281616,1000,0
14.80026626586914,1000,0
14.848148584365845,1000,0
14.890113830566406,1000,0
14.933456897735596,1000,0
14.9758939743042,1000,0
15.014598369598389,1000,0
15.055561780929565,1000,0
15.09619688987732,1000,0
15.136927843093872,1000,0
15.181624174118042,1000,0
15.22557806968689,1000,0
15.266889095306396,1000,0
15.314433574676514,1000,0
15.358437299728394,1000,0
15.40042519569397,1000,0
15.44089651107788,1000,0
15.486474514007568,1000,0
15.528867721557617,1000,0
15.576489448547363,1000,0
15.615948915481567,1000,0
15.66015625,1000,0
15.703410625457764,1000,0
15.74788236618042,1000,0
15.788336038589478,1000,0
15.830815315246582,1000,0
15.873433351516724,1000,0
15.913375616073608,1000,0
15.950911521911621,1000,0
15.99788761138916,1000,0
16.044671535491943,1000,0
16.08417248725891,1000,0
16.128303289413452,1000,0
16.173573970794678,1000,0
16.21685552597046,1000,0
16.26234245300293,1000,0
16.305951356887817,1000,0
16.351232051849365,1000,0
16.3963680267334,1000,0
16.444822788238525,1000,0
16.488484144210815,1000,0
16.53351140022278,1000,0
16.575464487075806,1000,0
16.616255521774292,1000,0
16.661584854125977,1000,0
16.702903032302856,1000,0
16.745652437210083,1000,0
16.786057710647583,1000,0
16.831523895263672,1000,0
16.872875452041626,1000,0
16.914685249328613,1000,0
16.97044348716736,1000,0
17.057340383529663,1000,0
17.147835731506348,1000,0
17.245386362075806,1000,0
17.289302110671997,1000,0
17.333989143371582,1000,0
17.374826669692993,1000,0
17.41671895980835,1000,0
17.460483074188232,1000,0
17.50417399406433,1000,0
17.54915690422058,1000,0
17.59284257888794,1000,0
17.64146327972412,1000,0
17.686164379119873,1000,0
17.7281551361084,1000,0
17.769851207733154,1000,0
17.810182809829712,1000,0
17.85399103164673,1000,0
17.89629101753235,1000,0
17.939779043197632,1000,0
17.98324155807495,1000,0
18.026667833328247,1000,0
18.074790954589844,1000,0
18.12123131752014,1000,0
18.164652585983276,1000,0
18.206879138946533,1000,0
18.254149198532104,1000,0
18.29638934135437,1000,0
18.34026288986206,1000,0
18.383244037628174,1000,0
18.427284240722656,1000,0
18.471192121505737,1000,0
18.513946771621704,1000,0
18.557175874710083,1000,0
18.598493099212646,1000,0
18.645437479019165,1000,0
18.68596124649048,1000,0
18.727961540222168,1000,0
18.771600008010864,1000,0
18.815800428390503,1000,0
18.861222743988037,1000,0
18.903464794158936,1000,0
18.94623875617981,1000,0
18.991363048553467,1000,0
19.033631563186646,1000,0
19.0779025554657,1000,0
19.12119698524475,1000,0
19.168501615524292,1000,0
19.211625814437866,1000,0
19.256813764572144,1000,0
19.305832147598267,1000,0
19.346364736557007,1000,0
19.391725540161133,1000,0
19.431793689727783,1000,0
19.476086854934692,1000,0
19.518505096435547,1000,0
19.562833070755005,1000,0
19.604848623275757,1000,0
19.65536856651306,1000,0
19.694957971572876,1000,0
19.73992681503296,1000,0
19.78236746788025,1000,0
19.82457447052002,1000,0
19.870238780975342,1000,0
19.913524389266968,1000,0
19.954116821289062,1000,0
19.996868133544922,1000,0
