0.02721428871154785,0,0
0.07212662696838379,2,77
0.11641812324523926,10,211
0.16196513175964355,23,291
0.2156381607055664,28,0
0.2557351589202881,18,-309
0.30005669593811035,5,-169
0.34490275382995605,10,246
0.38806796073913574,32,537
0.431563138961792,56,573
0.47985100746154785,74,239
0.5254662036895752,70,-148
0.5714154243469238,49,-544
0.6154422760009766,24,-474
0.6565148830413818,18,-38
0.7022182941436768,30,365
0.7481288909912109,54,619
0.7897756099700928,82,716
0.8298261165618896,110,638
0.8743889331817627,122,237
0.9190783500671387,113,-320
0.967545747756958,85,-616
1.0220093727111816,55,-425
1.0657680034637451,50,0
1.1076600551605225,64,382
1.1493844985961914,86,623
1.1922106742858887,115,716
1.234320878982544,145,579
1.2849047183990479,157,43
1.327570915222168,146,-324
1.371885061264038,125,-595
1.4171254634857178,97,-481
1.4621350765228271,89,-45
1.5075054168701172,102,389
1.5529134273529053,126,619
1.5952603816986084,158,720
1.6361660957336426,186,622
1.6844933032989502,199,44
1.7298097610473633,190,-321
1.7722880840301514,167,-581
1.8164610862731934,140,-440
1.8718717098236084,136,86
1.9143190383911133,152,444
1.956479787826538,177,653
2.0015361309051514,206,727
2.0469813346862793,238,595
2.0923919677734375,250,195
2.139070987701416,240,-353
2.1792068481445312,219,-583
2.2214202880859375,194,-535
2.261343479156494,185,-186
2.301602840423584,192,293
2.344158172607422,215,581
2.3876540660858154,244,698
2.430414915084839,272,583
2.4743752479553223,284,174
2.519132375717163,276,-287
2.562344789505005,252,-595
2.6064016819000244,226,-529
2.664921998977661,220,36
2.706124782562256,234,400
2.7515370845794678,259,633
2.7922563552856445,290,725
2.8359405994415283,319,594
2.882284641265869,330,105
2.92720103263855,318,-345
2.967589855194092,297,-593
3.012554168701172,271,-545
3.0522589683532715,262,-180
3.0969908237457275,271,253
3.139648675918579,291,572
3.18062162399292,320,695
3.2254507541656494,349,566
3.270504951477051,361,182
3.3138017654418945,352,-344
3.3586039543151855,328,-579
3.4019060134887695,302,-520
3.4560728073120117,296,0
3.501697063446045,309,423
3.5457704067230225,334,638
3.5864624977111816,368,727
3.632248878479004,397,584
3.68050479888916,408,191
3.7223641872406006,399,-272
3.766350507736206,377,-583
3.8119962215423584,350,-548
3.853456974029541,342,-195
3.9013490676879883,352,353
3.941005229949951,374,591
3.9914209842681885,408,717
4.031562089920044,436,626
4.07586932182312,449,172
4.119718790054321,442,-246
4.162567853927612,420,-564
4.205952405929565,395,-520
4.249030351638794,385,-172
4.298630475997925,395,323
4.33865213394165,416,567
4.382142543792725,444,697
4.427202224731445,474,594
4.467169761657715,484,194
4.511564493179321,477,-283
4.551753282546997,458,-563
4.595005989074707,432,-517
4.636537075042725,423,-195
4.685458660125732,434,368
4.727126121520996,457,595
4.767395496368408,485,701
4.807166337966919,513,620
4.8457112312316895,524,248
4.895731210708618,517,-287
4.937643527984619,494,-567
4.9918272495269775,463,-553
5.035419702529907,453,-188
5.077624082565308,462,290
5.117446184158325,482,566
5.161127328872681,510,690
5.2011559009552,537,617
5.242155313491821,552,181
5.292872428894043,546,-260
5.334977626800537,526,-560
5.381155014038086,500,-457
5.422187089920044,493,-41
5.462571620941162,505,397
5.526089191436768,539,648
5.569173336029053,567,712
5.612399101257324,597,460
5.664544582366943,605,0
5.714176177978516,590,-440
5.7643632888793945,556,-658
5.809727191925049,532,-546
5.8548054695129395,519,-163
5.899078130722046,528,307
5.940591812133789,549,573
5.984015464782715,579,699
6.02914571762085,610,759
6.072214365005493,646,566
6.120077133178711,656,240
6.1642749309539795,647,-302
6.209193229675293,626,-573
6.251888036727905,601,-533
6.295052528381348,591,-185
6.340013027191162,601,345
6.382189989089966,622,588
6.425281763076782,650,699
6.465598106384277,677,586
6.526499032974243,689,-33
6.574542999267578,672,-475
6.622302532196045,646,-593
6.681056976318359,620,-269
6.761614799499512,638,490
6.851926803588867,711,764
6.952340602874756,773,550
6.99699330329895,781,198
7.039948225021362,771,-329
7.082015037536621,749,-584
7.126024007797241,718,-700
7.171529054641724,689,-596
7.212411880493164,676,-194
7.308125972747803,706,591
7.372405290603638,750,729
7.4248573780059814,787,590
7.469385623931885,799,195
7.535279035568237,781,-476
7.576117753982544,755,-644
7.622159004211426,727,-482
7.689094305038452,720,105
7.766366243362427,761,636
7.855615854263306,822,744
7.95437216758728,890,424
7.999154090881348,896,249
8.041189908981323,885,-384
8.086493253707886,857,-610
8.131697416305542,830,-711
8.171823978424072,800,-709
8.224120378494263,768,-426
8.267256498336792,764,36
8.305780172348022,776,394
8.35020923614502,801,603
8.395069360733032,830,720
8.441829681396484,863,642
8.490381240844727,884,265
8.536959648132324,882,-109
8.579784870147705,864,-522
8.62606406211853,836,-522
8.669811725616455,828,-46
8.713241577148438,840,381
8.756380558013916,862,601
8.801995277404785,893,679
8.847205877304077,919,521
8.890395641326904,926,106
8.934810638427734,916,-387
8.975976943969727,892,-593
9.030570983886719,861,-393
9.074393272399902,855,-34
9.12099003791809,867,378
9.161966562271118,890,601
9.204142570495605,920,711
9.249183654785156,949,572
9.295055627822876,961,176
9.339686632156372,952,-325
9.382161855697632,929,-586
9.424366235733032,902,-498
9.472371816635132,894,-197
9.516505241394043,907,390
9.562244176864624,932,629
9.604598045349121,961,719
9.65493130683899,993,536
9.702093362808228,1003,37
9.746370553970337,991,-386
9.791163206100464,968,-597
9.842118978500366,938,-451
9.891649961471558,934,25
9.93228268623352,949,413
9.975791692733765,974,624
10.021507024765015,1004,731
