0.027881145477294922,0,0
0.07148957252502441,2,94
0.11379694938659668,13,334
0.16241812705993652,29,276
0.20272469520568848,29,-91
0.2436513900756836,14,-421
0.2904844284057617,-7,-372
0.332747220993042,-10,92
0.37282252311706543,4,420
0.4207463264465332,33,659
0.4667980670928955,63,632
0.5102665424346924,84,360
0.5530071258544922,84,-24
0.5949735641479492,67,-472
0.6430680751800537,43,-475
0.6877729892730713,32,-230
0.7333004474639893,41,288
0.7755517959594727,63,593
0.8179035186767578,92,697
0.8633854389190674,121,625
0.905775785446167,132,196
0.9527344703674316,124,-293
0.9946885108947754,103,-574
1.0356321334838867,77,-521
1.0859613418579102,69,-34
1.127889633178711,82,372
1.1742889881134033,105,611
1.2243092060089111,140,699
1.2681434154510498,168,539
1.3204364776611328,176,-26
1.365647315979004,161,-440
1.427799940109253,119,-690
1.4970052242279053,78,-557
1.5424575805664062,67,-105
1.5818610191345215,75,294
1.6256797313690186,98,583
1.6713182926177979,128,699
1.7118866443634033,159,754
1.7536964416503906,191,760
1.7994461059570312,219,528
1.8406343460083008,228,183
1.8859126567840576,218,-314
1.9419481754302979,188,-627
1.9864311218261719,161,-542
2.031439781188965,152,-243
2.073141574859619,160,338
2.1183841228485107,187,598
2.163421630859375,216,714
2.205212354660034,245,571
2.247520923614502,255,194
2.2957661151885986,245,-347
2.342439651489258,221,-591
2.3828892707824707,198,-518
2.4238646030426025,189,-180
2.470445394515991,198,327
2.512545108795166,221,578
2.5516650676727295,249,698
2.595841646194458,279,646
2.6671736240386963,302,196
2.7630436420440674,265,-654
2.871631622314453,210,-181
2.936882257461548,228,450
2.9831507205963135,252,643
3.028944253921509,287,737
3.0772576332092285,324,781
3.1174919605255127,355,627
3.164296865463257,367,236
3.206541061401367,361,-290
3.248950719833374,339,-542
3.2932443618774414,313,-684
3.3383142948150635,283,-573
3.382805585861206,272,-168
3.423027753829956,279,275
3.4687798023223877,302,580
3.5123114585876465,330,700
3.56477952003479,369,762
3.6060073375701904,403,627
3.6531736850738525,414,182
3.6934242248535156,408,-198
3.735928535461426,385,-551
3.781412363052368,359,-655
3.8231780529022217,335,-540
3.8735976219177246,325,45
3.917219400405884,338,381
3.963271379470825,363,617
4.00662636756897,392,720
4.048905611038208,423,659
4.087848901748657,440,337
4.133153438568115,440,-81
4.173901319503784,423,-497
4.218497276306152,398,-494
4.260547876358032,389,-182
4.306536674499512,396,274
4.3571553230285645,425,597
4.403177738189697,453,719
4.44780707359314,486,586
4.491837501525879,496,181
4.534623861312866,486,-326
4.5826826095581055,464,-588
4.633327484130859,431,-385
4.721605539321899,441,390
4.818795680999756,510,743
4.906975269317627,562,492
4.947161912918091,571,185
4.990419626235962,562,-325
5.0277793407440186,540,-562
5.0786449909210205,508,-698
5.1225504875183105,480,-569
5.166826009750366,470,-111
5.211021423339844,480,308
5.253628253936768,502,578
5.300555944442749,532,706
5.345545291900635,563,566
5.390751600265503,574,233
5.444689989089966,561,-419
5.502529859542847,528,-599
5.545648574829102,506,-423
5.592723846435547,500,0
5.635533809661865,514,407
5.677794456481934,539,625
5.72191858291626,571,723
5.7655346393585205,601,595
5.812518119812012,612,178
5.856420516967773,605,-269
5.903627634048462,580,-571
5.950377702713013,552,-532
6.001375913619995,545,42
6.043669700622559,557,396
6.0866944789886475,581,615
6.128573179244995,611,709
6.169003486633301,640,625
6.213172197341919,652,250
6.25673246383667,646,-273
6.301919937133789,622,-564
6.34389853477478,599,-535
6.396545171737671,590,-36
6.443280935287476,604,398
6.4867331981658936,628,620
6.529926538467407,659,720
6.575759172439575,691,547
6.620723485946655,702,186
6.663434982299805,694,-273
6.7077109813690186,671,-566
6.752901792526245,646,-499
6.803021669387817,637,0
6.843703031539917,649,407
6.888283014297485,675,609
6.928699970245361,703,709
6.971294164657593,730,625
7.0134501457214355,743,181
7.0570387840271,737,-260
7.103209733963013,716,-551
7.148676872253418,688,-528
7.187280654907227,678,-231
7.2310731410980225,684,258
7.273918867111206,704,543
7.316712379455566,732,689
7.358647346496582,762,587
7.406234264373779,772,185
7.449004173278809,763,-312
7.4983131885528564,738,-599
7.541366815567017,710,-564
7.583259105682373,700,-184
7.635951995849609,712,350
7.681009769439697,734,611
7.725194454193115,765,713
7.766880989074707,793,627
7.807615756988525,809,267
7.851156949996948,806,-80
7.895724534988403,789,-519
7.945450305938721,761,-461
7.990265607833862,754,-236
8.035807609558105,767,388
8.081300497055054,792,615
8.123759746551514,822,719
8.168830633163452,852,586
8.212454795837402,862,195
8.2511146068573,856,-264
8.297448873519897,832,-569
8.342580795288086,806,-531
8.384462594985962,797,-163
8.43856692314148,811,397
8.479987382888794,835,607
8.525655508041382,867,719
8.572367668151855,896,570
8.613835334777832,907,197
8.656976222991943,900,-284
8.703423976898193,875,-591
8.7485511302948,848,-552
8.786778688430786,839,-162
8.828781843185425,846,274
8.87199854850769,866,551
8.915977001190186,894,691
8.964595794677734,926,560
9.006752014160156,936,181
9.048637628555298,929,-261
9.095209121704102,905,-574
9.136921405792236,882,-529
9.180454969406128,872,-106
9.23114538192749,884,381
9.27335000038147,909,612
9.316763639450073,936,712
9.357024908065796,964,596
9.402425289154053,978,192
9.441412687301636,972,-253
9.486965894699097,952,-547
9.531532287597656,925,-534
9.571306705474854,916,-106
9.614590167999268,926,292
9.660434484481812,947,581
9.706386089324951,978,704
9.747690677642822,1007,579
9.791661262512207,1017,199
9.838435411453247,1008,-315
9.87878155708313,982,-598
9.948828935623169,950,-347
9.993622303009033,950,50
