0.07520604133605957,1,2
0.11146116256713867,1,6
0.13561725616455078,4,45
0.15956568717956543,9,227
0.1840040683746338,17,286
0.20819711685180664,23,265
0.232527494430542,27,168
0.25727224349975586,29,85
0.2854020595550537,28,0
0.3097233772277832,27,-35
0.3338916301727295,27,-35
0.3582930564880371,28,15
0.3825032711029053,31,133
0.4061739444732666,37,203
0.4304955005645752,42,225
0.45500636100769043,47,188
0.4794633388519287,49,126
0.5036890506744385,51,70
0.5278925895690918,51,70
0.5514614582061768,51,21
0.5849151611328125,53,58
0.626331090927124,58,131
0.6703641414642334,66,172
0.7185778617858887,73,132
0.7615752220153809,75,55
0.8044734001159668,76,30
0.8560173511505127,78,36
0.9008991718292236,85,180
0.9491066932678223,95,225
0.9903686046600342,103,161
1.0389997959136963,104,0
1.0874927043914795,101,-71
1.1280221939086914,103,35
1.1754753589630127,112,256
1.2211174964904785,126,268
1.2651052474975586,133,155
1.3040921688079834,132,-50
1.3463623523712158,127,-110
1.3896737098693848,127,0
1.433227777481079,135,244
1.4739975929260254,149,326
1.5182714462280273,160,189
1.5614910125732422,161,25
1.6042821407318115,155,-153
1.6558678150177002,150,-33
1.7010979652404785,158,215
1.7458364963531494,175,439
1.7883224487304688,193,364
1.835536003112793,198,0
1.876502513885498,187,-331
1.9237301349639893,171,-296
1.9664974212646484,170,45
2.011345148086548,187,461
2.05045223236084,211,585
2.095912218093872,232,390
2.1412360668182373,236,-44
2.1803669929504395,221,-408
2.2245419025421143,201,-476
2.2662277221679688,191,-183
2.3157639503479004,200,369
2.3597116470336914,223,604
2.4055356979370117,253,623
2.458853244781494,275,236
2.5033202171325684,270,-219
2.566885471343994,240,-566
2.6081974506378174,216,-433
2.65590238571167,211,-34
2.7069990634918213,229,486
2.752079963684082,258,660
2.7958877086639404,287,678
2.838392496109009,312,458
2.884328603744507,318,41
2.925570487976074,307,-388
2.9664041996002197,284,-511
3.01293683052063,266,-292
3.0555078983306885,269,110
3.09972882270813,288,518
3.144087314605713,315,652
3.1857616901397705,340,569
3.2263684272766113,351,235
3.2802531719207764,338,-392
3.3288679122924805,315,-483
3.3712751865386963,301,-280
3.4103519916534424,304,167
3.4556427001953125,322,529
3.5054867267608643,353,684
3.5557262897491455,385,454
3.609005928039551,393,-69
3.6548359394073486,377,-441
3.6964521408081055,353,-531
3.7404417991638184,336,-273
3.7860848903656006,338,111
3.831951856613159,358,513
3.875098943710327,385,675
3.9204506874084473,417,583
3.966024875640869,430,232
4.0128607749938965,421,-278
4.058183908462524,398,-538
4.111262321472168,372,-425
4.155069589614868,369,36
4.194171667098999,382,399
4.236480951309204,407,631
4.28307032585144,436,665
4.331156015396118,463,467
4.371984243392944,468,-45
4.413205623626709,456,-385
4.458084344863892,433,-519
4.507004261016846,415,-269
4.5675435066223145,424,340
4.61458683013916,449,599
4.658264875411987,479,626
4.711080074310303,501,339
4.75447678565979,501,-87
4.7943174839019775,486,-461
4.84092378616333,463,-473
4.892967224121094,453,-184
4.936199903488159,465,358
4.979504346847534,487,612
5.028291940689087,521,591
5.0700743198394775,536,277
5.119647741317749,534,-154
5.164987325668335,514,-512
5.203782081604004,492,-498
5.245689153671265,484,-185
5.286353349685669,493,329
5.330392599105835,516,588
5.378088712692261,545,643
5.420569896697998,569,456
5.467812538146973,573,-36
5.516323804855347,556,-460
5.560407400131226,531,-479
5.606001138687134,523,-190
5.650231122970581,533,357
5.705472946166992,562,632
5.745978355407715,592,576
5.7900614738464355,607,251
5.837949991226196,603,-201
5.87957239151001,586,-493
5.930295705795288,561,-365
5.97595477104187,558,0
6.021376609802246,573,449
6.06312108039856,597,629
6.107235431671143,625,595
6.147549629211426,643,280
6.191442012786865,640,-113
6.234527826309204,622,-506
6.279112100601196,599,-476
6.3281638622283936,591,-39
6.3731184005737305,603,418
6.415208339691162,627,623
6.456160068511963,656,616
6.512463569641113,678,239
6.555297613143921,675,-186
6.598131895065308,656,-488
6.645924806594849,634,-383
6.6899635791778564,632,26
6.738357305526733,650,496
6.782997369766235,676,657
6.826103210449219,705,573
6.871328592300415,717,192
6.910411596298218,711,-213
6.956120729446411,691,-506
7.002563238143921,669,-378
7.045941114425659,665,26
7.095886468887329,682,488
7.140265226364136,711,656
7.1858625411987305,739,624
7.2273643016815186,753,233
7.270073413848877,748,-250
7.320444822311401,724,-530
7.368092775344849,701,-426
7.412564516067505,695,-41
7.4592061042785645,708,435
7.498994827270508,735,624
7.546143293380737,765,672
7.589945554733276,788,449
7.635092496871948,793,0
7.676930665969849,779,-397
7.722972631454468,756,-509
7.76445746421814,741,-271
7.806086301803589,742,112
7.851276874542236,763,505
7.895106077194214,788,669
7.940065622329712,820,595
7.9857635498046875,832,180
8.036193132400513,820,-389
8.078357934951782,798,-528
8.12398076057434,779,-329
8.166467189788818,777,0
8.211423635482788,794,454
8.254199743270874,821,646
8.29917597770691,847,566
8.345951318740845,863,251
8.386149168014526,857,-260
8.431205034255981,838,-486
8.470580339431763,819,-377
8.515896797180176,817,29
8.559211492538452,831,445
8.601336479187012,856,622
8.642572402954102,882,578
8.684897184371948,897,254
8.733943939208984,891,-233
8.778992414474487,871,-502
8.829768180847168,849,-299
8.869723320007324,849,55
8.914938926696777,865,455
8.953933477401733,890,635
8.996101140975952,917,581
9.044104099273682,933,253
9.09078574180603,927,-272
9.138978481292725,905,-509
9.182583332061768,885,-360
9.223750352859497,882,86
9.268172025680542,897,443
9.31134557723999,924,633
9.35311770439148,949,627
9.398025035858154,968,294
9.442810773849487,967,-131
9.488803386688232,949,-483
9.536251068115234,922,-476
9.58150315284729,915,-235
9.621437311172485,926,377
9.675351858139038,952,620
9.718816757202148,981,635
9.75826358795166,1002,430
9.803215980529785,1007,34
9.845537662506104,995,-391
9.888119459152222,973,-491
9.935997009277344,957,-196
9.980841159820557,960,82
10.029325485229492,982,549
