0.021509885787963867,1,14
0.05622673034667969,6,163
0.08812284469604492,12,231
0.11756563186645508,21,263
0.15843701362609863,31,282
0.19760394096374512,43,287
0.23264288902282715,54,293
0.2661404609680176,63,294
0.2989957332611084,74,294
0.32836246490478516,83,295
0.3642120361328125,92,296
0.3984696865081787,101,296
0.43384599685668945,112,298
0.46799349784851074,122,298
0.4992811679840088,132,297
0.529332160949707,141,299
0.5763237476348877,155,298
0.6135878562927246,166,297
0.6492736339569092,176,296
0.6792263984680176,185,298
0.7099382877349854,194,297
0.741051435470581,204,294
0.7903134822845459,218,296
0.8250186443328857,229,297
0.8578612804412842,238,296
0.8879852294921875,247,295
0.9187242984771729,258,298
0.9538300037384033,267,295
0.9863107204437256,277,295
1.0203707218170166,287,299
1.0559823513031006,297,295
1.0883467197418213,307,299
1.1188478469848633,316,297
1.1495211124420166,325,297
1.1791496276855469,334,298
1.2101151943206787,343,296
1.2401070594787598,352,298
1.2805030345916748,364,293
1.3112237453460693,373,295
1.3413679599761963,382,298
1.377185583114624,393,298
1.4084341526031494,403,298
1.4382269382476807,413,299
1.473355770111084,422,298
1.5059196949005127,431,295
1.5355134010314941,440,299
1.5667860507965088,451,298
1.6038928031921387,460,297
1.6399288177490234,471,297
1.6732103824615479,481,297
1.7119944095611572,492,296
1.742924451828003,502,297
1.7792325019836426,513,298
1.8119480609893799,522,299
1.8413770198822021,531,296
1.872354507446289,540,299
1.9024178981781006,549,297
1.9329900741577148,558,295
1.9641845226287842,568,298
1.9941749572753906,578,298
