0.023600339889526367,-1,-8
0.05749821662902832,-7,-175
0.09395742416381836,-15,-232
0.12862277030944824,-23,-262
0.15799474716186523,-32,-279
0.19151997566223145,-41,-281
0.22210216522216797,-49,-292
0.2555558681488037,-59,-292
0.28682541847229004,-68,-293
0.31754088401794434,-77,-292
0.34759020805358887,-88,-294
0.3874359130859375,-99,-294
0.42493486404418945,-110,-293
0.45754027366638184,-119,-293
0.4941866397857666,-130,-295
0.5315566062927246,-141,-295
0.5637631416320801,-151,-296
0.596168041229248,-159,-293
0.6271994113922119,-168,-295
0.6570055484771729,-177,-295
0.6961431503295898,-191,-295
0.7287900447845459,-200,-296
0.7728095054626465,-211,-292
0.8064060211181641,-221,-296
0.8370547294616699,-230,-296
0.8678455352783203,-240,-297
0.9076929092407227,-253,-294
0.9443955421447754,-262,-296
0.972510814666748,-271,-297
1.0049324035644531,-280,-293
1.0375721454620361,-291,-297
1.0740694999694824,-301,-295
1.1085245609283447,-311,-295
1.1405353546142578,-321,-297
1.180065393447876,-332,-293
1.208606481552124,-342,-297
1.240886926651001,-351,-294
1.2756752967834473,-361,-295
1.3106586933135986,-371,-294
1.3466994762420654,-381,-295
1.378800630569458,-391,-297
1.4119858741760254,-401,-295
1.4458801746368408,-410,-296
1.4928815364837646,-424,-291
1.525852918624878,-435,-296
1.5686993598937988,-447,-294
1.6040101051330566,-457,-295
1.6389970779418945,-468,-292
1.6768715381622314,-478,-297
1.7121906280517578,-489,-294
1.7485735416412354,-500,-295
1.7804105281829834,-510,-295
1.8160028457641602,-521,-293
1.8468687534332275,-530,-295
1.8859412670135498,-541,-293
1.9179844856262207,-550,-294
1.9486639499664307,-561,-298
1.9820890426635742,-570,-296
2.017517328262329,-580,-297
