0.05363607406616211,0,5
0.08525419235229492,2,67
0.10167908668518066,4,90
0.12738442420959473,7,102
0.14455652236938477,9,109
0.16146469116210938,11,115
0.1783759593963623,13,117
0.20077967643737793,15,123
0.2186276912689209,18,124
0.24042963981628418,20,128
0.25716614723205566,23,130
0.2734971046447754,25,130
0.29126667976379395,27,129
0.3092622756958008,30,131
0.324718713760376,32,132
0.3426244258880615,34,133
0.35971689224243164,36,134
0.3755025863647461,38,133
0.3935737609863281,41,134
0.410327672958374,43,135
0.43580007553100586,47,134
0.4685037136077881,51,134
0.5025968551635742,56,134
0.5395684242248535,61,133
0.5736618041992188,65,137
0.6104471683502197,70,135
0.6441409587860107,75,135
0.6799862384796143,79,135
0.7180531024932861,85,135
0.7463092803955078,89,135
0.7813975811004639,93,135
0.8125958442687988,98,137
0.8504040241241455,103,134
0.883709192276001,107,136
0.9175841808319092,112,136
0.9622516632080078,118,137
1.0020346641540527,123,134
1.0371816158294678,128,136
1.0644028186798096,132,138
1.0942208766937256,137,137
1.1247649192810059,141,136
1.15547513961792,145,135
1.185290813446045,149,135
1.2235560417175293,153,136
1.2541074752807617,158,137
1.2896554470062256,162,136
1.3224139213562012,167,137
1.3591961860656738,172,135
1.3927655220031738,176,137
1.4241912364959717,182,136
1.45916748046875,186,135
1.4888100624084473,190,135
1.5244009494781494,195,136
1.5632519721984863,200,135
1.593865156173706,204,137
1.6308395862579346,209,139
1.6652946472167969,214,134
1.6962385177612305,218,136
1.7317028045654297,224,136
1.77630615234375,229,136
1.8151707649230957,234,136
1.84224534034729,238,137
1.8811111450195312,243,134
1.9181864261627197,248,137
1.950162649154663,253,136
1.9818980693817139,257,136
2.0135881900787354,261,135
