0.026820898056030273,2,92
0.05209469795227051,8,241
0.09865617752075195,22,362
0.1329174041748047,36,405
0.16884350776672363,50,427
0.20471525192260742,67,444
0.23708581924438477,81,450
0.26816606521606445,96,453
0.304767370223999,112,455
0.3388516902923584,129,455
0.36932826042175293,144,457
0.4067263603210449,158,459
0.43975329399108887,175,458
0.4732210636138916,190,462
0.5098357200622559,206,461
0.5507297515869141,224,457
0.5785675048828125,239,457
0.6137099266052246,254,461
0.6459336280822754,270,459
0.6782326698303223,286,461
0.7155170440673828,301,458
0.7677946090698242,325,461
0.8058717250823975,343,459
0.8338198661804199,358,460
0.8711743354797363,372,458
0.9120898246765137,392,459
0.9521396160125732,412,458
0.9870424270629883,425,461
1.0203227996826172,442,460
1.052978754043579,456,463
1.0829336643218994,470,462
1.1190807819366455,486,460
1.1521127223968506,504,464
1.1869895458221436,517,463
1.220266580581665,533,461
1.2515461444854736,548,465
1.281754970550537,562,462
1.3129045963287354,578,462
1.3562045097351074,597,461
1.387819766998291,612,459
1.418787956237793,626,460
1.454552173614502,642,465
1.4860591888427734,656,460
1.518977165222168,670,462
1.5502331256866455,688,464
1.5849556922912598,702,458
1.6207420825958252,718,461
1.6556613445281982,734,460
1.6869211196899414,748,459
1.7262845039367676,767,465
1.7610530853271484,782,460
1.792001724243164,797,462
1.8230814933776855,812,464
1.862074375152588,830,459
1.8922386169433594,843,458
1.9285306930541992,860,462
1.9587113857269287,874,460
1.9906353950500488,889,461
2.0222671031951904,904,462
