0.026124238967895508,-3,-25
0.0589754581451416,-16,-422
0.09582877159118652,-35,-596
0.13672995567321777,-63,-680
0.16669750213623047,-84,-711
0.19766640663146973,-106,-732
0.24158287048339844,-138,-744
0.27352333068847656,-162,-752
0.304887056350708,-187,-756
0.3356482982635498,-214,-755
0.3699653148651123,-235,-759
0.4051969051361084,-262,-759
0.43881654739379883,-290,-758
0.47751736640930176,-317,-765
0.5090436935424805,-345,-764
0.549497127532959,-372,-767
0.5799720287322998,-395,-765
0.6112046241760254,-421,-767
0.6543169021606445,-452,-765
0.6920166015625,-484,-766
0.7290191650390625,-512,-768
0.7674884796142578,-539,-772
0.8036239147186279,-569,-768
0.8369724750518799,-593,-769
0.8721151351928711,-621,-769
0.9067635536193848,-650,-768
0.9551093578338623,-684,-771
0.9871368408203125,-710,-768
1.0191962718963623,-736,-769
1.0601820945739746,-764,-770
1.0960700511932373,-792,-765
1.1297483444213867,-818,-768
1.1630911827087402,-845,-768
1.1956195831298828,-869,-771
1.2305254936218262,-896,-770
1.2674431800842285,-924,-772
1.2985620498657227,-949,-772
1.329080581665039,-972,-770
1.359891414642334,-995,-772
1.389742136001587,-1018,-770
1.4204730987548828,-1043,-772
1.4563064575195312,-1073,-768
1.4903295040130615,-1095,-770
1.5269739627838135,-1125,-767
1.5604183673858643,-1152,-768
1.5972273349761963,-1179,-771
1.6309068202972412,-1206,-771
1.6620707511901855,-1232,-773
1.697659969329834,-1255,-772
1.7300701141357422,-1280,-772
1.7710554599761963,-1315,-768
1.8001890182495117,-1334,-767
1.8309330940246582,-1365,-768
1.8704173564910889,-1391,-766
1.9070734977722168,-1420,-772
1.9431383609771729,-1445,-770
1.9760727882385254,-1469,-772
2.006960391998291,-1494,-771
