0.03171515464782715,-3,-21
0.06858205795288086,-12,-296
0.10695028305053711,-26,-373
0.14303040504455566,-40,-412
0.18508219718933105,-58,-438
0.21497464179992676,-72,-442
0.2458479404449463,-85,-450
0.2758145332336426,-98,-451
0.310211181640625,-114,-451
0.3410971164703369,-128,-453
0.3706240653991699,-145,-453
0.40181779861450195,-158,-457
0.43144822120666504,-172,-453
0.4621896743774414,-186,-454
0.4985373020172119,-201,-455
0.5331254005432129,-216,-453
0.5665988922119141,-231,-456
0.5974864959716797,-245,-454
0.6274447441101074,-258,-453
0.6579780578613281,-272,-456
0.6875028610229492,-286,-452
0.7221174240112305,-302,-454
0.7537853717803955,-316,-453
0.7846870422363281,-332,-451
0.8219246864318848,-347,-455
0.8560967445373535,-362,-454
0.8916840553283691,-379,-453
0.9246838092803955,-394,-454
0.9596116542816162,-409,-455
0.9962639808654785,-428,-455
1.0315024852752686,-443,-455
1.0643608570098877,-458,-454
1.098121166229248,-475,-454
1.1367413997650146,-490,-453
1.173804759979248,-508,-454
1.2057864665985107,-521,-451
1.235551357269287,-535,-455
1.2663273811340332,-548,-452
1.2962286472320557,-565,-456
1.3285398483276367,-579,-453
1.3655214309692383,-594,-451
1.3986592292785645,-610,-456
1.435621976852417,-626,-453
1.4717915058135986,-643,-455
1.5069551467895508,-659,-457
1.5444073677062988,-676,-452
1.576850175857544,-690,-452
1.607666015625,-704,-454
1.6375758647918701,-717,-453
1.6680848598480225,-731,-453
1.7148265838623047,-753,-454
1.7445263862609863,-766,-452
1.7756929397583008,-780,-454
1.8163683414459229,-798,-455
1.846329689025879,-812,-452
1.8771235942840576,-826,-457
1.9101271629333496,-842,-454
1.941209077835083,-856,-453
1.9775176048278809,-872,-454
2.0075395107269287,-886,-452
