0.02299189567565918,-1,-3
0.0587003231048584,-3,-79
0.08997011184692383,-6,-105
0.12603282928466797,-11,-121
0.15865468978881836,-15,-129
0.18981575965881348,-20,-131
0.2207639217376709,-24,-132
0.25712108612060547,-28,-132
0.28932881355285645,-32,-133
0.33208465576171875,-39,-134
0.36814284324645996,-44,-135
0.40731310844421387,-48,-135
0.4398527145385742,-53,-132
0.4737517833709717,-57,-136
0.5048689842224121,-62,-134
0.5348930358886719,-66,-135
0.566002368927002,-70,-135
0.5981884002685547,-74,-133
0.6322214603424072,-79,-136
0.6676404476165771,-84,-134
0.6974694728851318,-87,-135
0.7297372817993164,-92,-134
0.7668654918670654,-97,-134
0.8003499507904053,-102,-133
0.8374142646789551,-106,-135
0.8689444065093994,-110,-135
0.9011111259460449,-115,-134
0.9326722621917725,-120,-134
0.9689791202545166,-124,-134
1.0025990009307861,-128,-135
1.0300590991973877,-133,-133
1.0599603652954102,-137,-136
1.094832420349121,-141,-135
1.1289067268371582,-146,-135
1.1688973903656006,-152,-135
1.201439380645752,-155,-134
1.2322571277618408,-160,-135
1.2622241973876953,-164,-134
1.2930457592010498,-168,-134
1.3299624919891357,-173,-133
1.3637886047363281,-178,-133
1.3949096202850342,-182,-134
1.4279053211212158,-186,-135
1.4615933895111084,-191,-135
1.49800443649292,-196,-134
1.5366637706756592,-201,-134
1.5680911540985107,-206,-135
1.6098999977111816,-211,-135
1.645036220550537,-216,-133
1.6781859397888184,-220,-134
1.7118737697601318,-225,-134
1.749373197555542,-229,-134
1.7822401523590088,-234,-137
1.8206136226654053,-239,-135
1.8521993160247803,-244,-135
1.8868730068206787,-248,-134
1.92073655128479,-253,-134
1.9515480995178223,-258,-135
2.000685214996338,-263,-134
