0.024381637573242188,-2,-21
0.05964493751525879,-13,-368
0.09691882133483887,-31,-476
0.1344304084777832,-50,-544
0.1676042079925537,-70,-574
0.2024986743927002,-89,-587
0.23945879936218262,-110,-592
0.27680230140686035,-132,-596
0.3068397045135498,-150,-597
0.33820033073425293,-171,-599
0.36943531036376953,-188,-599
0.3999900817871094,-209,-598
0.4351201057434082,-229,-598
0.4660980701446533,-246,-600
0.49886083602905273,-267,-603
0.5355749130249023,-289,-604
0.5714645385742188,-313,-604
0.6154756546020508,-337,-605
0.654371976852417,-360,-605
0.6893401145935059,-383,-605
0.7213211059570312,-403,-603
0.7544043064117432,-423,-601
0.7920894622802734,-443,-601
0.8253779411315918,-463,-602
0.8554737567901611,-481,-602
0.8865056037902832,-499,-604
0.916501522064209,-517,-601
0.9519367218017578,-539,-603
0.9855842590332031,-559,-603
1.0181150436401367,-579,-604
1.0523784160614014,-601,-604
1.0839955806732178,-620,-603
1.1156189441680908,-640,-602
1.1511094570159912,-661,-602
1.1868555545806885,-680,-604
1.2203335762023926,-701,-602
1.2578973770141602,-723,-603
1.2912979125976562,-745,-604
1.327589750289917,-768,-605
1.3651554584503174,-789,-604
1.408355951309204,-814,-604
1.444087028503418,-837,-605
1.4803645610809326,-860,-603
1.5165650844573975,-879,-603
1.5506985187530518,-900,-603
1.5871517658233643,-924,-602
1.6206777095794678,-942,-605
1.6556897163391113,-965,-605
1.6922006607055664,-987,-605
1.7226545810699463,-1005,-606
1.760361909866333,-1027,-603
1.7929933071136475,-1047,-604
1.8226232528686523,-1066,-604
1.8648788928985596,-1092,-606
1.8972547054290771,-1111,-605
1.9318335056304932,-1131,-607
1.9651329517364502,-1152,-606
1.996194839477539,-1170,-603
