0.0241091251373291,2,15
0.06183171272277832,14,349
0.12658023834228516,44,533
0.17468786239624023,71,582
0.20633625984191895,91,596
0.23916077613830566,110,602
0.2703521251678467,129,609
0.30191946029663086,151,614
0.3369431495666504,171,619
0.37270164489746094,192,619
0.4143681526184082,219,621
0.44781017303466797,239,621
0.48640012741088867,264,620
0.5213100910186768,284,622
0.5542159080505371,305,623
0.5931496620178223,328,623
0.6243066787719727,351,618
0.6546905040740967,370,622
0.6863248348236084,389,622
0.7236487865447998,412,625
0.7599468231201172,434,622
0.7951788902282715,454,622
0.8261439800262451,474,622
0.856093168258667,493,621
0.900418758392334,520,619
0.9350674152374268,541,620
0.9660849571228027,562,623
1.000354290008545,584,624
1.0332489013671875,602,624
1.0629041194915771,621,624
1.0939760208129883,641,623
1.125276803970337,660,624
1.155846357345581,680,624
1.1871154308319092,700,622
1.232593297958374,727,621
1.2654330730438232,747,624
1.3050131797790527,772,624
1.3340213298797607,793,623
1.3686130046844482,813,623
1.3947241306304932,830,620
1.4309885501861572,850,621
1.4650418758392334,872,621
1.4935777187347412,893,622
1.5277934074401855,914,623
1.5603246688842773,933,622
1.5970721244812012,955,622
1.6340267658233643,979,622
1.6697993278503418,1001,619
1.7091567516326904,1025,622
1.7453370094299316,1049,619
1.7822349071502686,1072,622
1.8183164596557617,1092,623
1.851332664489746,1112,622
1.8811719417572021,1131,626
1.912057638168335,1151,625
1.9429049491882324,1170,624
1.9731407165527344,1188,623
2.0163116455078125,1218,623
