0.024157285690307617,2,11
0.058576345443725586,13,412
0.09647059440612793,34,599
0.12940502166748047,58,687
0.16780996322631836,84,733
0.2000739574432373,110,756
0.23298192024230957,136,771
0.26534271240234375,161,780
0.2983415126800537,188,788
0.33232879638671875,213,789
0.3663506507873535,242,793
0.39542055130004883,265,796
0.43196582794189453,292,795
0.468233585357666,320,796
0.50160813331604,348,793
0.529163122177124,372,796
0.5658752918243408,398,799
0.6078884601593018,431,798
0.6448230743408203,460,797
0.680229902267456,490,796
0.7263312339782715,526,799
0.7605946063995361,556,799
0.7944810390472412,580,799
0.8299582004547119,608,798
0.8644285202026367,636,797
0.8984241485595703,663,799
0.9334497451782227,693,800
0.968395471572876,719,801
1.01314115524292,757,797
1.0445575714111328,780,797
1.0778658390045166,807,800
1.1104192733764648,834,800
1.1452863216400146,861,799
1.1803302764892578,890,799
1.2121803760528564,917,797
1.2504427433013916,946,799
1.2879631519317627,975,800
1.320091724395752,1002,800
1.3486435413360596,1023,801
1.3795578479766846,1048,801
1.4090611934661865,1077,801
1.4400274753570557,1101,801
1.4763000011444092,1125,799
1.507317304611206,1157,799
1.5536096096038818,1188,797
1.5889627933502197,1216,801
1.6405587196350098,1258,800
1.6895740032196045,1297,803
1.726668357849121,1328,798
1.7663326263427734,1357,799
1.8005516529083252,1388,800
1.8361384868621826,1413,800
1.8652148246765137,1439,802
1.9022834300994873,1468,801
1.935302734375,1497,796
1.9700605869293213,1521,796
2.0020065307617188,1548,797
