0.07013463973999023,4,140
0.09499740600585938,13,384
0.12074494361877441,27,553
0.14550185203552246,43,650
0.17034673690795898,59,706
0.19926810264587402,82,753
0.22545909881591797,102,777
0.2498157024383545,121,793
0.2749934196472168,142,802
0.2997720241546631,161,809
0.32592248916625977,183,818
0.3511173725128174,204,822
0.37734341621398926,225,825
0.4013957977294922,245,826
0.4278373718261719,267,827
0.45150327682495117,287,826
0.47798705101013184,308,830
0.5021824836730957,328,831
0.5280866622924805,350,833
0.552255392074585,370,829
0.5860061645507812,399,833
0.6306421756744385,436,833
0.6739821434020996,474,829
0.7199981212615967,509,835
0.7632706165313721,549,832
0.8090834617614746,584,833
0.8524644374847412,619,812
0.8958110809326172,653,735
0.9392409324645996,683,599
0.9844067096710205,705,466
1.0288496017456055,722,334
1.0733311176300049,734,233
1.1203110218048096,741,161
1.162693977355957,748,140
1.2070202827453613,754,134
1.251070499420166,760,149
1.299039602279663,768,173
1.3477275371551514,777,193
1.389984369277954,788,223
1.4374146461486816,799,255
1.4854347705841064,811,287
1.5317883491516113,825,311
1.5778636932373047,840,339
1.6171739101409912,855,358
1.6631381511688232,873,395
1.7090861797332764,891,424
1.753309965133667,912,446
1.8008112907409668,933,474
1.8432748317718506,954,497
1.8890271186828613,977,524
1.931513786315918,1000,557
1.9797978401184082,1027,589
2.022980213165283,1057,614
2.0706334114074707,1086,653
2.1133644580841064,1117,686
2.162108898162842,1147,719
2.2099838256835938,1183,760
2.249502182006836,1220,790
2.2987096309661865,1252,811
2.342902183532715,1290,818
2.3868775367736816,1327,827
2.431161403656006,1365,827
2.476475238800049,1399,832
2.5221500396728516,1437,830
2.56402850151062,1476,834
2.609158515930176,1513,833
2.656200885772705,1549,834
2.6991143226623535,1586,833
2.746025323867798,1624,833
2.788769245147705,1661,832
2.831392288208008,1697,831
2.8769302368164062,1734,835
2.9219391345977783,1771,834
2.967029333114624,1811,834
3.011024236679077,1847,832
3.0559749603271484,1883,834
3.0988223552703857,1919,830
3.143986940383911,1959,830
3.188720464706421,1993,834
3.2337210178375244,2031,834
3.278353214263916,2067,834
3.318646192550659,2101,830
3.3658735752105713,2141,835
3.4110195636749268,2181,831
3.4564547538757324,2216,832
3.5001933574676514,2256,833
3.5459251403808594,2291,836
3.588291645050049,2326,834
3.6301426887512207,2361,833
3.6738336086273193,2401,834
3.718628406524658,2434,836
3.7609915733337402,2471,835
3.8085596561431885,2509,832
3.854055643081665,2549,834
3.8931801319122314,2585,835
3.9403107166290283,2620,837
3.983882427215576,2660,834
4.028203964233398,2693,835
4.068711519241333,2727,836
4.1140851974487305,2767,832
4.153193473815918,2800,832
4.198704957962036,2835,834
4.244248867034912,2877,831
4.28877854347229,2913,834
4.33132791519165,2949,834
4.378291606903076,2985,835
4.420946836471558,3022,832
4.467964172363281,3060,837
4.508225917816162,3094,830
4.551274299621582,3132,834
4.5974061489105225,3169,832
4.648496150970459,3210,834
4.691178798675537,3247,836
4.736445665359497,3284,833
4.779078722000122,3321,834
4.82136082649231,3359,833
4.868717432022095,3394,834
4.911249160766602,3432,832
4.957939624786377,3469,834
5.002385377883911,3505,833
5.0529608726501465,3551,831
5.096958875656128,3586,833
5.141049861907959,3622,834
5.187891244888306,3661,833
5.228330135345459,3694,832
5.26919150352478,3729,833
5.313342094421387,3771,832
5.362335920333862,3805,832
5.403998374938965,3844,836
5.4474036693573,3879,830
5.491908550262451,3914,834
5.5379040241241455,3952,830
5.58386754989624,3992,834
5.628676414489746,4027,831
5.6712517738342285,4064,834
5.718376159667969,4102,832
5.75995135307312,4137,834
5.804347515106201,4176,833
5.851333141326904,4214,834
5.8968825340271,4253,833
5.941205024719238,4291,831
5.986638784408569,4326,835
6.029021978378296,4362,834
6.073139190673828,4401,835
6.118312835693359,4436,834
6.161123275756836,4473,834
6.207056283950806,4511,831
6.251198768615723,4552,831
6.298634052276611,4586,832
6.340996265411377,4624,830
6.386950969696045,4661,837
6.431263446807861,4699,833
6.4781694412231445,4736,834
6.519803762435913,4771,832
6.56322169303894,4809,835
6.6085193157196045,4844,835
6.658186912536621,4886,833
6.700824737548828,4923,835
6.7457075119018555,4959,833
6.7888054847717285,4996,834
6.833338022232056,5036,830
6.877490043640137,5074,834
6.922893285751343,5109,834
6.970670223236084,5147,832
7.017723560333252,5186,833
7.0586326122283936,5222,835
7.104197025299072,5261,833
7.148324251174927,5294,835
7.188925743103027,5331,834
7.23284125328064,5371,832
7.281153678894043,5406,835
7.324505805969238,5444,833
7.368950605392456,5479,833
7.4167139530181885,5519,832
7.459082126617432,5555,831
7.50657057762146,5592,832
7.549280166625977,5631,833
7.596158981323242,5669,835
7.642217397689819,5705,833
7.686058759689331,5742,837
7.728849172592163,5779,830
7.77189302444458,5814,835
7.8191914558410645,5857,830
7.868526220321655,5894,830
7.9102137088775635,5932,837
7.958525896072388,5969,829
8.00259280204773,6005,834
8.043281316757202,6042,835
8.088818788528442,6079,835
8.133880376815796,6119,832
8.178594827651978,6152,835
8.224131345748901,6192,834
8.267027616500854,6227,833
8.311363458633423,6265,833
8.357150316238403,6302,831
8.401928186416626,6339,836
8.446969032287598,6381,831
8.492139339447021,6414,833
8.534256219863892,6452,832
8.580523252487183,6490,836
8.62802791595459,6527,835
8.669375658035278,6565,832
8.71774172782898,6602,831
8.758475303649902,6639,834
8.804305791854858,6675,834
8.844408512115479,6710,830
8.888222217559814,6744,835
8.928740501403809,6780,835
8.969404458999634,6815,834
9.021123886108398,6855,832
9.060102224349976,6890,833
9.105947494506836,6925,831
9.14728593826294,6962,833
9.194060564041138,7000,832
9.234363555908203,7035,832
9.278813123703003,7070,830
9.323251724243164,7109,833
9.36836290359497,7145,831
9.411339044570923,7182,833
9.461272716522217,7224,832
9.50693964958191,7260,832
9.553373575210571,7302,830
9.600289344787598,7337,832
9.643840312957764,7374,833
9.686678171157837,7410,830
9.729377508163452,7447,832
9.777851343154907,7485,833
9.818825960159302,7522,832
9.867942333221436,7560,832
9.908259153366089,7593,833
9.949105501174927,7629,829
9.992557048797607,7663,831
