0.08732938766479492,1,8
0.15388965606689453,0,-22
0.1944265365600586,-15,-384
0.2268061637878418,-19,-182
0.25681161880493164,-15,113
0.2880895137786865,-16,-39
0.31798672676086426,-10,202
0.3492319583892822,3,418
0.3806898593902588,8,252
0.41066575050354004,5,-21
0.44866514205932617,9,102
0.47892022132873535,6,-80
0.5099339485168457,-3,-334
0.5412616729736328,-6,-39
0.5714454650878906,-2,192
0.6032562255859375,-2,-41
0.6349120140075684,3,111
0.6654112339019775,14,388
0.6974384784698486,18,246
0.72735595703125,14,-97
0.7680854797363281,15,0
0.8201649188995361,-2,-476
0.8681313991546631,-30,-527
0.9133424758911133,-44,-243
0.9658942222595215,-69,-607
1.0123283863067627,-99,-562
1.0619823932647705,-110,-107
1.1125729084014893,-101,228
1.1593387126922607,-103,-39
1.2092900276184082,-88,473
1.2628207206726074,-58,520
1.3124449253082275,-45,219
1.3638975620269775,-20,599
1.4142200946807861,11,585
1.461071491241455,26,290
1.512389898300171,51,617
1.5589382648468018,83,552
1.609029769897461,93,0
1.6624853610992432,82,-242
1.711294412612915,84,40
1.7639672756195068,66,-444
1.8112242221832275,41,-474
1.860978126525879,30,-191
1.9125263690948486,7,-591
1.9638230800628662,-26,-559
2.0124900341033936,-40,-288
2.063305616378784,-65,-435
2.118651866912842,-68,51
2.1688201427459717,-52,340
2.2180216312408447,-50,0
2.2634031772613525,-35,421
2.3148410320281982,-8,486
2.362924337387085,1,167
2.414320707321167,26,592
2.4660632610321045,57,562
2.511221170425415,73,274
2.561431646347046,96,434
2.6124625205993652,101,33
2.6626081466674805,89,-246
2.714128017425537,91,45
2.761629104614258,78,-414
2.81245756149292,52,-474
2.862748622894287,41,-150
2.912482261657715,22,-540
2.9611778259277344,-10,-533
3.0125527381896973,-23,-242
3.061828136444092,-48,-602
3.1118288040161133,-80,-542
3.1611177921295166,-91,0
3.211177349090576,-81,229
3.2631406784057617,-84,-70
3.3141915798187256,-70,375
3.367875099182129,-43,483
3.416015863418579,-33,172
3.462442636489868,-13,558
3.512397050857544,18,554
3.5589358806610107,33,296
3.608851194381714,59,618
3.6632080078125,95,616
3.7125258445739746,109,292
3.7612650394439697,132,392
3.8112497329711914,135,-53
3.8612751960754395,120,-283
3.9141690731048584,117,-21
3.9614641666412354,99,-466
4.014113664627075,72,-537
4.0659849643707275,61,-196
4.11109733581543,39,-564
4.161099672317505,8,-543
4.210657596588135,-6,-280
4.260977268218994,-32,-605
4.311270713806152,-63,-559
4.3640642166137695,-74,-235
4.412144660949707,-66,221
4.4623754024505615,-72,-197
4.510660886764526,-62,324
4.5624048709869385,-39,439
4.60882043838501,-30,198
4.662231683731079,-7,580
4.708999156951904,23,538
4.761666297912598,38,297
4.8094587326049805,64,627
4.864240646362305,101,591
4.923119306564331,109,-87
5.0174219608306885,75,-236
5.148653030395508,120,537
5.196950674057007,129,-45
5.252290725708008,116,-236
5.302332878112793,120,48
5.34746241569519,107,-379
5.400014877319336,83,-451
5.448181867599487,72,-173
5.494341850280762,51,-541
5.544068813323975,21,-563
5.591244459152222,8,-277
5.648458003997803,-20,-619
5.698516845703125,-53,-584
5.746079683303833,-69,-294
5.793300151824951,-95,-611
5.843352556228638,-128,-584
5.895909309387207,-139,-39
5.9431867599487305,-129,178
5.993399381637573,-133,-87
6.049159288406372,-119,400
6.098602771759033,-92,491
6.1465559005737305,-81,190
6.194272994995117,-56,571
6.246635913848877,-24,578
6.293259143829346,-8,286
6.3431313037872314,18,631
6.398635149002075,52,535
6.453785181045532,62,0
6.5014073848724365,48,-264
6.554275989532471,48,23
6.602396726608276,34,-446
6.652357339859009,7,-499
6.701623439788818,-6,-282
6.7503204345703125,-30,-594
6.801809310913086,-63,-521
6.853939771652222,-79,-288
6.9018800258636475,-100,-380
6.950985670089722,-102,82
7.002336025238037,-85,330
7.052188396453857,-81,44
7.102374315261841,-65,495
7.155456304550171,-34,527
7.2040698528289795,-20,256
7.256839275360107,7,611
7.3031697273254395,39,579
7.352951526641846,54,272
7.403362035751343,81,611
7.453196048736572,113,561
7.50429630279541,123,189
7.551196575164795,116,-200
7.602208852767944,122,159
7.653362274169922,109,-391
7.703289747238159,83,-466
7.753284931182861,74,-190
7.80408239364624,51,-552
7.848893165588379,23,-528
7.902478933334351,9,-265
7.948880910873413,-15,-595
8.00047779083252,-48,-579
8.054987907409668,-67,-304
8.101707696914673,-88,-424
8.150903701782227,-92,24
8.202234983444214,-78,265
8.251640796661377,-77,40
8.300456285476685,-63,437
8.352163314819336,-34,466
8.40213656425476,-22,197
8.452446222305298,4,598
8.502855777740479,36,577
8.554136276245117,51,264
8.601157426834106,78,599
8.653997659683228,111,618
8.70220136642456,122,191
8.748887300491333,114,-185
8.797346591949463,119,138
8.854005575180054,104,-414
8.900809049606323,78,-455
8.952423810958862,69,-170
8.99881887435913,48,-530
9.048463582992554,18,-556
9.096894979476929,3,-258
9.144235610961914,-23,-593
9.197946548461914,-55,-573
9.246805906295776,-73,-346
9.296772241592407,-98,-447
9.346492052078247,-104,0
9.39648699760437,-93,248
9.446638107299805,-93,40
9.498772621154785,-76,455
9.548755884170532,-48,523
9.599026441574097,-36,205
9.654048919677734,-7,626
9.701307535171509,26,589
9.753902912139893,40,267
9.801149129867554,66,614
9.850931644439697,98,565
9.902987480163574,108,105
9.954088687896729,98,-183
9.998981952667236,102,42
