0.08781695365905762,-5,-168
0.13447189331054688,-25,-465
0.18221664428710938,-32,-72
0.24959087371826172,-55,-452
0.3037075996398926,-84,-487
0.33984851837158203,-98,-368
0.3780050277709961,-111,-316
0.4089641571044922,-119,-244
0.44069933891296387,-126,-216
0.472623348236084,-133,-225
0.504737138748169,-140,-216
0.5375845432281494,-146,-171
0.5687575340270996,-151,-161
0.5999958515167236,-155,-149
0.6355946063995361,-161,-160
0.6676270961761475,-167,-175
0.6997621059417725,-172,-167
0.7316405773162842,-178,-185
0.7630257606506348,-185,-222
0.7950541973114014,-192,-232
0.8342928886413574,-202,-258
0.8832025527954102,-221,-402
0.9351749420166016,-250,-662
0.9883270263671875,-286,-745
1.0412728786468506,-327,-779
1.0925285816192627,-370,-794
1.1430511474609375,-413,-804
1.1957006454467773,-453,-805
1.245154619216919,-492,-805
1.2951509952545166,-536,-809
1.3484187126159668,-573,-808
1.3984432220458984,-615,-807
1.4556255340576172,-660,-805
1.5050859451293945,-704,-809
1.5593090057373047,-744,-808
1.6084120273590088,-783,-806
1.6578083038330078,-823,-810
1.7110116481781006,-868,-808
1.7640678882598877,-909,-806
1.8143565654754639,-949,-806
1.8651471138000488,-994,-809
1.9196979999542236,-1035,-807
1.9685051441192627,-1076,-804
2.0205090045928955,-1115,-809
2.0734457969665527,-1159,-809
2.1244711875915527,-1201,-808
2.172837257385254,-1242,-807
2.2258639335632324,-1284,-809
2.2784910202026367,-1326,-810
2.329193353652954,-1368,-807
2.3840203285217285,-1410,-808
2.434128761291504,-1450,-807
2.4830708503723145,-1492,-809
2.5344717502593994,-1534,-806
2.5857722759246826,-1576,-808
2.633272886276245,-1616,-806
2.6904819011688232,-1657,-806
2.7408254146575928,-1699,-805
2.7935891151428223,-1740,-805
2.844271421432495,-1781,-805
2.8941450119018555,-1821,-806
2.945706367492676,-1863,-804
2.99324631690979,-1907,-808
3.048762321472168,-1949,-809
3.1006178855895996,-1989,-809
3.1506001949310303,-2029,-805
3.2004964351654053,-2068,-809
3.2516255378723145,-2110,-807
3.3007171154022217,-2152,-805
3.353940486907959,-2192,-806
3.404367685317993,-2233,-811
3.4587302207946777,-2280,-809
3.509744882583618,-2318,-806
3.5550129413604736,-2357,-805
3.607842445373535,-2397,-806
3.656061887741089,-2439,-807
3.707878351211548,-2478,-806
3.7560319900512695,-2520,-808
3.8043999671936035,-2555,-802
3.8612561225891113,-2602,-805
3.912973403930664,-2646,-806
3.964644432067871,-2687,-805
4.015091896057129,-2729,-803
4.064825773239136,-2768,-804
4.11859655380249,-2810,-806
4.168355703353882,-2848,-806
4.217969655990601,-2889,-805
4.271119594573975,-2932,-807
4.321280479431152,-2974,-805
4.372945308685303,-3016,-804
4.4242494106292725,-3060,-804
4.474372625350952,-3095,-805
4.524940252304077,-3138,-805
4.575147390365601,-3180,-804
4.628636598587036,-3220,-805
4.682150363922119,-3262,-803
4.7345871925354,-3306,-801
4.784286260604858,-3344,-803
4.834213733673096,-3384,-804
4.88114333152771,-3426,-804
4.933173418045044,-3470,-803
4.986153602600098,-3508,-805
5.040801525115967,-3552,-805
5.0950608253479,-3597,-804
5.148310422897339,-3637,-806
5.194363832473755,-3674,-809
5.245563745498657,-3716,-809
5.2943596839904785,-3755,-808
5.345884561538696,-3800,-809
5.394697666168213,-3839,-809
5.4486870765686035,-3881,-808
5.500826358795166,-3926,-808
5.552279233932495,-3967,-807
5.604344129562378,-4006,-804
5.655010461807251,-4049,-806
5.706696510314941,-4089,-805
5.753082990646362,-4128,-805
5.804128646850586,-4167,-807
5.860567808151245,-4214,-806
5.910611391067505,-4255,-808
5.964310884475708,-4296,-806
6.014196157455444,-4336,-807
6.064119100570679,-4376,-804
6.114326238632202,-4416,-808
6.1642005443573,-4457,-804
6.215147018432617,-4500,-806
6.2706029415130615,-4544,-806
6.320765733718872,-4584,-806
6.379247426986694,-4632,-808
6.429184436798096,-4673,-804
6.480803966522217,-4715,-805
6.533056259155273,-4757,-806
6.584221839904785,-4795,-806
6.634214401245117,-4836,-805
6.689793825149536,-4881,-806
6.743727207183838,-4924,-807
6.79596209526062,-4968,-808
6.845702886581421,-5008,-805
6.895124673843384,-5049,-806
6.949742555618286,-5091,-809
7.000354051589966,-5131,-807
7.054269552230835,-5175,-806
7.104489803314209,-5218,-808
7.155959606170654,-5260,-808
7.2048256397247314,-5299,-804
7.257696151733398,-5339,-807
7.309791803359985,-5381,-805
7.357599973678589,-5420,-806
7.405962228775024,-5462,-807
7.456253528594971,-5500,-802
7.509233236312866,-5544,-806
7.560323715209961,-5582,-803
7.608851671218872,-5622,-804
7.660671710968018,-5664,-804
7.710742473602295,-5706,-806
7.762904405593872,-5748,-805
7.815829753875732,-5792,-808
7.870340347290039,-5832,-808
7.9211835861206055,-5877,-806
7.974072217941284,-5916,-804
8.024144411087036,-5956,-806
8.07314658164978,-5998,-804
8.124388217926025,-6036,-804
8.174352645874023,-6077,-805
8.223228693008423,-6122,-806
8.282930374145508,-6165,-807
8.334344148635864,-6206,-803
8.382798433303833,-6248,-807
8.432958126068115,-6288,-806
8.484443187713623,-6330,-803
8.535123586654663,-6373,-803
8.586072444915771,-6412,-805
8.638477802276611,-6452,-805
8.691037893295288,-6497,-803
8.743025064468384,-6537,-804
8.793980836868286,-6576,-806
8.844109773635864,-6616,-805
8.89228343963623,-6655,-806
8.942596197128296,-6698,-805
8.993052244186401,-6738,-806
9.044293642044067,-6777,-804
9.098487377166748,-6822,-802
9.148669481277466,-6862,-804
9.200240135192871,-6903,-806
9.248470306396484,-6943,-804
9.300342321395874,-6983,-807
9.350681781768799,-7027,-805
9.403940916061401,-7067,-805
9.450962543487549,-7109,-805
9.508995532989502,-7154,-806
9.560440063476562,-7196,-805
9.613577604293823,-7236,-803
9.664986848831177,-7280,-805
9.715067863464355,-7320,-803
9.768619060516357,-7363,-808
9.818405389785767,-7400,-805
9.871163606643677,-7445,-805
9.925597429275513,-7487,-805
9.97600531578064,-7529,-803
10.022864818572998,-7568,-807
10.080695867538452,-7613,-805
10.13361120223999,-7655,-803
10.184410810470581,-7696,-803
10.230863571166992,-7735,-804
10.286166191101074,-7779,-804
10.33491563796997,-7819,-801
10.386131048202515,-7861,-806
10.437776327133179,-7900,-804
10.48512887954712,-7940,-804
10.538864374160767,-7983,-803
10.590638637542725,-8023,-805
10.63917851448059,-8065,-804
10.694668769836426,-8109,-806
10.747795820236206,-8149,-804
10.79989767074585,-8191,-803
10.84773874282837,-8230,-803
10.894951581954956,-8271,-803
10.945046663284302,-8310,-808
10.99776840209961,-8350,-805
11.045201539993286,-8392,-804
11.101918935775757,-8434,-804
11.153648138046265,-8476,-802
11.20587944984436,-8519,-805
11.254215240478516,-8556,-802
11.304127931594849,-8596,-802
11.351194858551025,-8638,-804
11.4029061794281,-8678,-802
11.452852964401245,-8718,-804
11.508440732955933,-8762,-807
11.558614730834961,-8804,-801
11.610571384429932,-8846,-803
11.664156913757324,-8886,-806
11.719855308532715,-8931,-805
11.769716024398804,-8971,-803
11.814809560775757,-9010,-804
11.871047496795654,-9055,-803
11.921176195144653,-9096,-803
11.973044395446777,-9137,-801
12.024598598480225,-9178,-800
12.0758376121521,-9219,-805
12.124480485916138,-9258,-799
12.17301082611084,-9298,-803
12.224547863006592,-9338,-806
12.281648635864258,-9383,-805
12.333947658538818,-9424,-805
12.381937980651855,-9466,-803
12.43425703048706,-9505,-806
12.482930660247803,-9547,-803
12.535089492797852,-9589,-803
12.58504867553711,-9629,-805
12.637741088867188,-9669,-804
12.690537929534912,-9714,-800
12.744174242019653,-9754,-801
12.79394245147705,-9794,-802
12.841164350509644,-9836,-801
12.893168687820435,-9876,-801
12.947192192077637,-9918,-803
12.998342275619507,-9958,-803
13.048726081848145,-10000,-803
13.102922201156616,-10045,-801
13.155718088150024,-10085,-807
13.205727100372314,-10126,-803
13.255816459655762,-10167,-801
13.302980422973633,-10206,-802
13.355596542358398,-10246,-803
13.404228210449219,-10284,-803
13.456198692321777,-10330,-802
13.512085676193237,-10371,-802
13.563008546829224,-10415,-802
13.616241216659546,-10456,-800
13.66421890258789,-10493,-803
13.714336395263672,-10534,-804
13.769736289978027,-10578,-804
13.819676160812378,-10619,-805
13.867743253707886,-10657,-805
13.923684358596802,-10702,-803
13.973158836364746,-10744,-806
14.024800300598145,-10786,-805
14.075928926467896,-10828,-804
14.1296865940094,-10868,-802
14.179749965667725,-10908,-803
14.228393316268921,-10947,-803
14.282811641693115,-10992,-806
14.335551738739014,-11034,-804
14.38569188117981,-11074,-804
14.433179378509521,-11115,-803
14.484267711639404,-11152,-801
14.53594183921814,-11196,-799
14.585765361785889,-11234,-804
14.632498502731323,-11274,-804
14.689109086990356,-11320,-800
14.7407546043396,-11360,-804
14.790143728256226,-11398,-803
14.84071135520935,-11440,-803
14.892934083938599,-11482,-802
14.944140911102295,-11522,-804
14.99603533744812,-11565,-803
15.042738199234009,-11604,-798
15.101259469985962,-11650,-802
15.154172658920288,-11696,-805
15.207597017288208,-11734,-805
15.259681224822998,-11777,-801
15.308272361755371,-11814,-802
15.35765290260315,-11854,-803
15.406150341033936,-11894,-801
15.455947875976562,-11935,-802
15.510193824768066,-11976,-802
15.56094479560852,-12022,-803
15.612874269485474,-12063,-799
15.665531635284424,-12103,-805
15.714183568954468,-12140,-804
15.766043424606323,-12184,-801
15.815682411193848,-12222,-802
15.864302396774292,-12261,-805
15.9182710647583,-12304,-804
15.970367670059204,-12349,-802
16.02062153816223,-12388,-803
16.070515632629395,-12426,-804
16.120630979537964,-12468,-803
16.17041563987732,-12507,-804
16.22059178352356,-12548,-803
16.270450353622437,-12587,-804
16.32215690612793,-12632,-804
16.373008489608765,-12675,-801
16.4251492023468,-12717,-800
16.478381395339966,-12756,-803
16.531627655029297,-12798,-806
16.582764625549316,-12841,-803
16.6352219581604,-12883,-802
16.68997359275818,-12924,-801
16.74613666534424,-12971,-802
16.797715187072754,-13011,-803
16.849056482315063,-13054,-805
16.902140855789185,-13095,-804
16.9532208442688,-13136,-801
17.004730224609375,-13180,-803
17.056198120117188,-13220,-803
17.112029552459717,-13263,-803
17.16040563583374,-13302,-805
17.21044898033142,-13342,-803
17.2602756023407,-13382,-800
17.30888533592224,-13422,-805
17.36362361907959,-13466,-804
17.411901712417603,-13504,-802
17.46602773666382,-13549,-800
17.520705223083496,-13594,-801
17.57388710975647,-13634,-804
17.624268054962158,-13674,-804
17.675902843475342,-13718,-801
17.721745252609253,-13756,-805
17.77310299873352,-13800,-804
17.826167821884155,-13840,-804
17.878679037094116,-13880,-801
17.93464970588684,-13926,-808
17.985162496566772,-13967,-803
18.03995704650879,-14008,-801
18.08513855934143,-14049,-803
18.139773845672607,-14089,-801
18.186060428619385,-14129,-801
18.235206127166748,-14170,-800
18.29037380218506,-14209,-802
18.34364891052246,-14252,-802
18.394293546676636,-14292,-802
18.444392442703247,-14333,-803
18.493288040161133,-14376,-803
18.545082092285156,-14416,-801
18.595000982284546,-14458,-804
18.6487717628479,-14498,-803
18.710960149765015,-14550,-803
18.764495611190796,-14591,-805
18.815710306167603,-14631,-801
18.863136529922485,-14672,-802
18.914544820785522,-14713,-800
18.964993476867676,-14754,-804
19.01675510406494,-14794,-804
19.06420636177063,-14831,-805
19.12007784843445,-14876,-803
19.168461799621582,-14916,-803
19.220709562301636,-14958,-804
19.273974657058716,-15000,-802
19.323956727981567,-15040,-803
19.37297511100769,-15082,-801
19.424813747406006,-15125,-804
19.47491693496704,-15166,-799
19.532750129699707,-15210,-802
19.5872642993927,-15252,-804
19.639621257781982,-15293,-802
19.690578937530518,-15335,-804
19.740971565246582,-15377,-803
19.79366898536682,-15417,-805
19.842453241348267,-15459,-802
19.896009922027588,-15500,-806
19.94418168067932,-15538,-804
19.99606943130493,-15582,-805
20.04622530937195,-15621,-804
20.100125074386597,-15663,-803
20.14987015724182,-15703,-804
20.195067882537842,-15743,-803
20.24785280227661,-15782,-803
20.30057144165039,-15825,-804
20.35451102256775,-15869,-804
20.403159618377686,-15909,-804
20.454173803329468,-15952,-805
20.507839679718018,-15991,-805
20.557142972946167,-16033,-807
20.608474254608154,-16073,-803
20.659042358398438,-16115,-802
20.71509027481079,-16163,-803
20.768704652786255,-16202,-805
20.82055401802063,-16244,-806
20.870548725128174,-16285,-804
20.920888900756836,-16327,-808
20.976117849349976,-16369,-809
21.025196075439453,-16411,-805
21.079638719558716,-16452,-804
21.129238843917847,-16494,-805
21.180840969085693,-16535,-807
21.234073877334595,-16576,-802
21.282811403274536,-16617,-803
21.332861185073853,-16658,-802
21.3826162815094,-16698,-802
21.433128595352173,-16741,-803
21.48499584197998,-16780,-805
21.54130268096924,-16825,-806
21.595935583114624,-16868,-805
21.644795656204224,-16908,-804
21.69777226448059,-16952,-802
21.74990153312683,-16990,-802
21.80015778541565,-17031,-801
21.850248098373413,-17071,-802
21.90279793739319,-17114,-805
21.95443058013916,-17158,-801
22.004738092422485,-17198,-805
22.056241273880005,-17238,-804
22.105996131896973,-17278,-802
22.15593147277832,-17318,-805
22.205062866210938,-17362,-804
22.258452892303467,-17400,-805
22.312257289886475,-17445,-806
22.364285469055176,-17484,-799
22.414145708084106,-17524,-807
22.463813066482544,-17564,-805
22.514541149139404,-17608,-802
22.565092086791992,-17651,-801
22.616071701049805,-17690,-804
22.664749145507812,-17728,-801
22.720321893692017,-17770,-801
22.77390694618225,-17813,-806
22.821215629577637,-17855,-806
22.875678539276123,-17896,-805
22.925668001174927,-17936,-805
22.974130868911743,-17974,-807
23.025014877319336,-18018,-802
23.077778577804565,-18058,-803
23.130831241607666,-18102,-805
23.180678606033325,-18144,-807
23.231067180633545,-18186,-805
23.28591752052307,-18229,-804
23.336031675338745,-18270,-807
23.38458251953125,-18308,-807
23.437185764312744,-18348,-804
23.487741470336914,-18389,-807
23.54066300392151,-18432,-811
23.59056067466736,-18474,-807
23.643502950668335,-18515,-808
23.69413471221924,-18555,-811
23.741995573043823,-18594,-807
23.79092574119568,-18636,-808
23.844019412994385,-18676,-805
23.89296865463257,-18718,-810
23.949665784835815,-18762,-809
23.999094247817993,-18804,-807
24.04924440383911,-18846,-809
24.100667238235474,-18885,-808
24.152923345565796,-18927,-807
24.204344987869263,-18967,-808
24.254343271255493,-19008,-806
24.308377742767334,-19054,-806
24.360334873199463,-19095,-802
24.410635948181152,-19135,-804
24.460290908813477,-19174,-804
24.511846780776978,-19218,-803
24.56100559234619,-19259,-803
24.61408257484436,-19299,-804
24.664305210113525,-19341,-804
24.71951913833618,-19383,-800
24.76520824432373,-19424,-804
24.81966519355774,-19463,-803
24.86841320991516,-19505,-802
24.920624256134033,-19547,-802
24.967885494232178,-19582,-804
25.019609451293945,-19624,-803
25.06985068321228,-19664,-803
25.129045963287354,-19714,-802
25.181652307510376,-19754,-804
25.232938766479492,-19798,-803
25.28320026397705,-19839,-803
25.337255716323853,-19881,-803
25.39515256881714,-19928,-802
25.44525957107544,-19971,-804
25.500802755355835,-20012,-801
25.55445623397827,-20056,-803
25.608485460281372,-20098,-802
25.658847332000732,-20138,-804
25.710740566253662,-20180,-802
25.76077389717102,-20220,-801
25.811005353927612,-20262,-799
25.864217281341553,-20302,-803
25.917794704437256,-20347,-805
25.970520973205566,-20387,-801
26.019200801849365,-20429,-804
26.071280002593994,-20472,-806
26.12401509284973,-20511,-804
26.173810720443726,-20552,-804
26.22311305999756,-20596,-807
26.275079488754272,-20635,-806
26.330897569656372,-20682,-804
26.385162115097046,-20727,-802
26.43612813949585,-20766,-807
26.489516258239746,-20806,-804
26.539202451705933,-20848,-805
26.591004371643066,-20891,-804
26.642986059188843,-20932,-804
26.694332361221313,-20970,-807
26.754555463790894,-21020,-805
26.809593677520752,-21064,-805
26.858733415603638,-21106,-807
26.910784482955933,-21148,-805
26.964169025421143,-21188,-805
27.014421463012695,-21231,-804
27.064939498901367,-21272,-803
27.12064003944397,-21315,-806
27.1736319065094,-21357,-806
27.22598171234131,-21400,-803
27.27315640449524,-21439,-805
27.324576377868652,-21481,-806
27.37446618080139,-21523,-804
27.42437982559204,-21558,-803
27.477161645889282,-21603,-804
27.53364610671997,-21646,-803
27.584620714187622,-21690,-803
27.63774299621582,-21730,-803
27.68910312652588,-21772,-807
27.738877773284912,-21812,-804
27.78844714164734,-21853,-807
27.83987021446228,-21893,-804
27.887826442718506,-21932,-803
27.941033601760864,-21976,-803
27.992741584777832,-22018,-803
28.044280529022217,-22057,-806
28.09365701675415,-22097,-804
28.144212007522583,-22137,-803
28.190897703170776,-22176,-805
28.2436580657959,-22218,-805
28.292985200881958,-22258,-804
28.351892948150635,-22305,-804
28.40230631828308,-22348,-806
28.453099966049194,-22388,-803
28.507893085479736,-22430,-803
28.55825638771057,-22470,-803
28.613473415374756,-22515,-804
28.66402816772461,-22555,-805
28.714518547058105,-22597,-804
28.768452882766724,-22640,-805
28.82044792175293,-22681,-804
28.87078881263733,-22722,-804
28.92073917388916,-22763,-806
28.97412872314453,-22804,-807
29.02299165725708,-22846,-806
29.073261499404907,-22890,-805
29.129639148712158,-22930,-804
29.180596351623535,-22972,-801
29.233936309814453,-23014,-804
29.28469204902649,-23057,-804
29.33452844619751,-23099,-806
29.384735345840454,-23138,-805
29.435179471969604,-23181,-805
29.487858057022095,-23218,-801
29.543697834014893,-23263,-806
29.59417986869812,-23308,-805
29.64601755142212,-23348,-806
29.694932222366333,-23387,-805
29.74841046333313,-23427,-809
29.79876208305359,-23469,-807
29.848622798919678,-23509,-805
29.89865255355835,-23550,-805
29.95296597480774,-23595,-807
30.00455951690674,-23637,-807
30.054434299468994,-23679,-805
30.10328435897827,-23719,-809
30.193163871765137,-23788,-808
30.244261026382446,-23827,-809
30.29598069190979,-23872,-806
30.351102590560913,-23914,-807
30.40292191505432,-23958,-807
30.453215837478638,-24000,-808
30.506144762039185,-24042,-807
30.557957887649536,-24081,-804
30.608269214630127,-24121,-806
30.66033124923706,-24163,-810
30.708646535873413,-24204,-806
30.76397132873535,-24247,-808
30.810819625854492,-24287,-807
30.862090349197388,-24329,-805
30.915632486343384,-24370,-804
30.96596646308899,-24412,-806
31.015926837921143,-24452,-805
31.063043117523193,-24494,-804
31.11490797996521,-24532,-804
31.170387506484985,-24574,-804
31.220521688461304,-24616,-807
31.270509958267212,-24655,-804
31.320640325546265,-24696,-806
31.37090754508972,-24738,-807
31.424157857894897,-24779,-804
31.474111080169678,-24819,-806
31.524051666259766,-24859,-805
31.576133728027344,-24904,-804
31.628993272781372,-24946,-802
31.67870593070984,-24985,-808
31.732974767684937,-25030,-805
31.787260055541992,-25074,-806
31.839031219482422,-25115,-804
31.890660762786865,-25156,-805
31.946126222610474,-25201,-806
31.99316716194153,-25239,-802
32.04502010345459,-25281,-803
32.095136642456055,-25322,-805
32.146172285079956,-25363,-804
32.19618034362793,-25404,-804
32.24899435043335,-25444,-805
32.298853397369385,-25486,-804
32.35305571556091,-25529,-803
32.405813694000244,-25573,-804
32.455164432525635,-25615,-804
32.50859332084656,-25654,-806
32.55876064300537,-25695,-804
32.611114263534546,-25737,-804
32.663615465164185,-25778,-807
32.715728998184204,-25820,-807
32.76845860481262,-25865,-806
32.818748474121094,-25905,-807
32.87064266204834,-25945,-807
32.9207501411438,-25986,-809
32.97210431098938,-26029,-806
33.02425169944763,-26068,-806
33.07433199882507,-26108,-805
33.12501883506775,-26156,-808
33.18366479873657,-26197,-803
33.23595714569092,-26240,-803
33.28443670272827,-26282,-806
33.33615851402283,-26321,-805
33.385979652404785,-26361,-808
33.43453621864319,-26403,-808
33.487804889678955,-26442,-808
33.54289889335632,-26489,-805
33.59572744369507,-26529,-806
33.64426326751709,-26568,-808
33.693156003952026,-26613,-805
33.745110750198364,-26653,-802
33.8004686832428,-26693,-804
33.85360074043274,-26737,-807
33.90433621406555,-26777,-805
33.95627450942993,-26820,-804
34.00519418716431,-26864,-808
34.05994391441345,-26903,-805
34.1076934337616,-26942,-804
34.159074783325195,-26987,-807
34.21363377571106,-27027,-808
34.2635657787323,-27068,-804
34.313072204589844,-27113,-802
34.37070059776306,-27155,-805
34.422102212905884,-27195,-806
34.47409152984619,-27237,-808
34.52411913871765,-27277,-803
34.57307291030884,-27319,-804
34.62318229675293,-27362,-805
34.67519283294678,-27403,-806
34.728944301605225,-27443,-808
34.784149408340454,-27486,-807
34.836079597473145,-27532,-807
34.88517117500305,-27572,-807
34.93804717063904,-27611,-803
34.98608374595642,-27651,-808
35.037222146987915,-27692,-805
35.08426570892334,-27728,-807
35.133835554122925,-27769,-809
35.192938804626465,-27819,-808
35.24623894691467,-27861,-809
35.29509210586548,-27902,-807
35.347920179367065,-27942,-808
35.400163412094116,-27984,-806
35.45066261291504,-28026,-806
35.500850439071655,-28066,-808
35.55620312690735,-28113,-807
35.609692096710205,-28154,-807
35.656129360198975,-28194,-805
35.70966720581055,-28234,-805
35.75805401802063,-28273,-808
35.81051182746887,-28315,-806
35.858991384506226,-28357,-804
35.9119713306427,-28397,-806
35.96464920043945,-28442,-809
36.01518225669861,-28486,-808
36.06959509849548,-28525,-807
36.11476707458496,-28564,-809
36.16481161117554,-28604,-807
36.21510672569275,-28644,-807
36.26966905593872,-28686,-808
36.31900715827942,-28727,-808
36.37204909324646,-28772,-805
36.42476677894592,-28814,-807
36.47510075569153,-28854,-805
36.52906918525696,-28899,-810
36.583561182022095,-28940,-809
36.63567543029785,-28982,-807
36.68582582473755,-29024,-808
36.73473596572876,-29064,-806
36.79072093963623,-29109,-807
36.84248328208923,-29151,-805
36.8930139541626,-29192,-804
36.943660736083984,-29230,-806
36.99583292007446,-29275,-805
37.04293251037598,-29311,-804
37.09621477127075,-29354,-806
37.149539947509766,-29396,-806
37.198444843292236,-29436,-804
37.248401165008545,-29475,-806
37.29786515235901,-29516,-804
37.34838557243347,-29556,-804
37.399911403656006,-29598,-806
37.44975757598877,-29638,-809
37.497584104537964,-29677,-805
37.55169486999512,-29720,-809
37.60373258590698,-29762,-809
37.650572776794434,-29803,-808
37.70426416397095,-29844,-807
37.75426125526428,-29884,-806
37.80581760406494,-29929,-808
37.854992151260376,-29968,-808
37.90626525878906,-30010,-807
37.96120595932007,-30054,-809
38.0132098197937,-30099,-811
38.06979012489319,-30140,-809
38.115867614746094,-30178,-808
38.16327404975891,-30220,-808
38.2160427570343,-30259,-806
38.264177322387695,-30296,-809
38.31623458862305,-30340,-806
38.36928963661194,-30384,-808
38.420007944107056,-30422,-806
38.46863269805908,-30463,-808
38.51884341239929,-30506,-807
38.57210946083069,-30545,-809
38.62408423423767,-30587,-809
38.67568373680115,-30632,-807
38.724661350250244,-30672,-807
38.78157353401184,-30715,-808
38.830883502960205,-30757,-810
38.88216996192932,-30796,-809
38.93297481536865,-30840,-809
38.98322558403015,-30882,-808
39.03480410575867,-30922,-806
39.08464550971985,-30964,-807
39.13858127593994,-31005,-809
39.190758228302,-31048,-807
39.24230718612671,-31090,-805
39.293701171875,-31129,-809
39.343042612075806,-31171,-810
39.39315176010132,-31215,-807
39.4448082447052,-31254,-808
39.497803688049316,-31294,-810
39.55297040939331,-31341,-809
39.60437083244324,-31380,-809
39.65572786331177,-31422,-810
39.70428013801575,-31461,-808
39.75585126876831,-31505,-809
39.803020000457764,-31544,-808
39.85584497451782,-31586,-808
39.90450382232666,-31625,-810
39.95527720451355,-31667,-810
40.00864505767822,-31709,-808
40.05980348587036,-31749,-807
40.108691453933716,-31790,-807
40.158437728881836,-31830,-808
40.21458172798157,-31876,-808
40.26284170150757,-31918,-810
40.314480781555176,-31958,-805
40.37002515792847,-32000,-807
40.42067003250122,-32042,-806
40.47508692741394,-32086,-809
40.52434992790222,-32129,-804
40.577258586883545,-32168,-807
40.622310400009155,-32207,-808
40.67409110069275,-32246,-810
40.7222056388855,-32284,-810
40.77789664268494,-32332,-808
40.826030015945435,-32372,-810
40.8761043548584,-32411,-809
40.924312591552734,-32448,-809
40.973265647888184,-32490,-808
41.024993658065796,-32532,-808
41.074464559555054,-32572,-809
41.12571358680725,-32612,-809
41.17966103553772,-32658,-805
41.23046159744263,-32696,-810
41.27926158905029,-32739,-811
41.33347272872925,-32780,-811
41.38285732269287,-32822,-809
41.432745695114136,-32861,-808
41.48729395866394,-32904,-810
41.53504419326782,-32945,-808
41.59127759933472,-32992,-808
41.64508032798767,-33034,-809
41.69601774215698,-33074,-809
41.750141859054565,-33116,-811
41.79524350166321,-33155,-811
41.84913754463196,-33199,-809
41.90429377555847,-33241,-811
41.95566010475159,-33287,-812
42.010642766952515,-33329,-807
42.05908679962158,-33369,-806
42.11078238487244,-33413,-808
42.16432428359985,-33452,-811
42.2124183177948,-33494,-809
42.26303505897522,-33538,-811
42.315101861953735,-33578,-810
42.3709557056427,-33622,-809
42.42388319969177,-33662,-811
42.47587299346924,-33706,-811
42.52562236785889,-33745,-810
42.57617664337158,-33789,-808
42.629841804504395,-33830,-807
42.675151109695435,-33870,-813
42.72975254058838,-33911,-814
42.78570222854614,-33958,-811
42.83766174316406,-33998,-810
42.885032415390015,-34039,-811
42.93624258041382,-34081,-810
42.98979187011719,-34121,-809
43.036282777786255,-34162,-810
43.08997416496277,-34202,-811
43.139028787612915,-34243,-806
43.19309210777283,-34286,-809
43.24512815475464,-34333,-808
43.29771900177002,-34370,-808
43.34498071670532,-34411,-810
43.39460039138794,-34452,-810
43.44511580467224,-34495,-810
43.50501465797424,-34541,-809
43.619874000549316,-34631,-809
43.74722456932068,-34736,-807
43.85405731201172,-34820,-808
43.90558338165283,-34862,-807
43.95607113838196,-34904,-805
44.0079026222229,-34944,-805
44.05979251861572,-34986,-805
44.107972621917725,-35025,-805
44.15849041938782,-35067,-808
44.20929789543152,-35109,-806
44.26368689537048,-35151,-805
44.31293344497681,-35193,-806
44.37006092071533,-35237,-806
44.420522928237915,-35279,-807
44.470946311950684,-35319,-807
44.52315306663513,-35363,-808
44.576013803482056,-35405,-807
44.62435531616211,-35442,-808
44.67422389984131,-35482,-809
44.7259566783905,-35526,-804
44.78111982345581,-35569,-807
44.82929563522339,-35610,-805
44.88395285606384,-35651,-804
44.93427586555481,-35692,-804
44.98415732383728,-35732,-806
45.03405809402466,-35772,-804
45.08427834510803,-35812,-806
45.130982637405396,-35853,-805
45.189260959625244,-35898,-808
45.246002435684204,-35946,-807
45.2961642742157,-35985,-801
45.345887422561646,-36027,-805
45.39516520500183,-36066,-803
45.44628643989563,-36108,-804
45.499308824539185,-36148,-809
45.55027985572815,-36188,-805
45.604148864746094,-36232,-804
45.65273833274841,-36272,-804
45.70570635795593,-36317,-806
45.75435185432434,-36352,-804
45.80425763130188,-36393,-805
45.856112241744995,-36436,-808
45.90519428253174,-36476,-808
45.95598745346069,-36518,-806
46.013964891433716,-36562,-806
46.06068992614746,-36601,-808
46.113983154296875,-36643,-805
46.163724184036255,-36683,-807
46.21308255195618,-36725,-805
46.2661030292511,-36767,-807
46.315093994140625,-36808,-807
46.37389612197876,-36853,-806
46.41899251937866,-36890,-812
46.471115827560425,-36934,-809
46.52265453338623,-36977,-807
46.5740487575531,-37019,-809
46.62318992614746,-37060,-810
46.674503564834595,-37100,-808
46.73209571838379,-37142,-805
46.78448843955994,-37187,-805
46.836230516433716,-37229,-809
46.89079809188843,-37271,-807
46.941113233566284,-37315,-807
46.994027614593506,-37354,-807
47.043177127838135,-37399,-810
47.09441518783569,-37438,-808
47.14630746841431,-37478,-805
47.20053458213806,-37522,-807
47.25084686279297,-37564,-810
47.30288791656494,-37606,-812
47.35321569442749,-37650,-810
47.405150175094604,-37692,-810
47.45995211601257,-37731,-811
47.50773596763611,-37770,-808
47.55516314506531,-37812,-809
47.61073637008667,-37855,-809
47.66421175003052,-37896,-812
47.71364736557007,-37936,-810
47.76330542564392,-37978,-808
47.815130949020386,-38024,-810
47.866251945495605,-38062,-808
47.91920351982117,-38103,-809
47.96839189529419,-38142,-809
48.020630836486816,-38187,-810
48.0737030506134,-38228,-809
48.12556314468384,-38270,-807
48.175575971603394,-38310,-810
48.22429394721985,-38349,-810
48.27717113494873,-38394,-810
48.32794523239136,-38433,-808
48.38281202316284,-38478,-810
48.431124448776245,-38520,-809
48.48423504829407,-38559,-809
48.53302264213562,-38602,-810
48.584303855895996,-38640,-810
48.634438037872314,-38684,-811
48.68501853942871,-38724,-807
48.73797154426575,-38765,-810
48.792972564697266,-38812,-807
48.84511947631836,-38854,-809
48.89773440361023,-38894,-808
48.95430016517639,-38940,-809
49.00615310668945,-38984,-808
49.05584359169006,-39026,-811
49.104191303253174,-39061,-809
49.1509485244751,-39100,-809
49.20499086380005,-39146,-813
49.255207777023315,-39186,-812
49.30793833732605,-39227,-808
49.35781788825989,-39267,-810
49.406161308288574,-39309,-810
49.45960474014282,-39350,-808
49.510536432266235,-39392,-811
49.56060075759888,-39433,-812
49.615909576416016,-39478,-809
49.66311264038086,-39516,-811
49.71601223945618,-39559,-812
49.76763725280762,-39600,-812
49.81926679611206,-39642,-812
49.86922240257263,-39686,-811
49.9241201877594,-39726,-812
49.973506689071655,-39767,-811
50.02976751327515,-39813,-809
50.07588458061218,-39852,-810
50.12305498123169,-39890,-815
50.17588424682617,-39933,-809
50.223071575164795,-39973,-808
50.28067374229431,-40017,-809
50.334057569503784,-40059,-810
50.38626790046692,-40104,-812
50.434420585632324,-40145,-810
50.48716998100281,-40184,-808
50.53927397727966,-40229,-811
50.58867692947388,-40268,-812
50.640891790390015,-40312,-809
50.69081115722656,-40349,-809
50.74499249458313,-40395,-812
50.800878286361694,-40438,-810
50.85051393508911,-40477,-808
50.90061926841736,-40521,-809
50.95185828208923,-40560,-809
51.00559425354004,-40604,-811
51.05457162857056,-40646,-808
51.10481071472168,-40686,-808
51.155078172683716,-40728,-811
51.21184682846069,-40770,-809
51.26300668716431,-40814,-811
51.3143253326416,-40853,-811
51.36231708526611,-40895,-809
51.41401433944702,-40934,-808
51.464338541030884,-40975,-810
51.515769243240356,-41019,-813
51.56304740905762,-41061,-809
51.62061786651611,-41103,-808
51.67026710510254,-41142,-812
51.72592735290527,-41190,-813
51.77511954307556,-41229,-811
51.826228857040405,-41272,-811
51.87788701057434,-41310,-812
51.927825689315796,-41351,-814
51.97527194023132,-41392,-811
52.0307502746582,-41437,-812
52.080626487731934,-41476,-814
52.133034229278564,-41520,-814
52.18433475494385,-41559,-813
52.23178815841675,-41602,-814
52.2872428894043,-41644,-813
52.33604288101196,-41686,-813
52.391079902648926,-41730,-814
52.440683126449585,-41769,-813
52.50215983390808,-41818,-810
52.602439165115356,-41902,-813
52.74109673500061,-42018,-814
52.846105098724365,-42100,-812
52.96498727798462,-42201,-813
53.04507899284363,-42262,-812
53.09959268569946,-42304,-812
53.149219036102295,-42346,-815
53.205925703048706,-42392,-813
53.25316524505615,-42430,-813
53.30446147918701,-42474,-812
53.35626006126404,-42513,-812
53.40618896484375,-42554,-814
53.45510220527649,-42596,-809
53.510732650756836,-42638,-812
53.56108736991882,-42681,-814
53.61885857582092,-42728,-816
53.67025065422058,-42767,-812
53.72090172767639,-42811,-815
53.7722589969635,-42850,-813
53.82324194908142,-42894,-812
53.876317262649536,-42936,-816
53.92470979690552,-42977,-813
53.97463417053223,-43019,-812
54.030691385269165,-43063,-812
54.08194160461426,-43106,-814
54.13571119308472,-43148,-812
54.18506598472595,-43188,-813
54.239800214767456,-43231,-812
54.28479290008545,-43270,-811
54.336755990982056,-43310,-811
54.384376764297485,-43348,-813
54.44074869155884,-43395,-814
54.49418830871582,-43437,-815
54.54281806945801,-43479,-810
54.59326124191284,-43521,-811
54.649829626083374,-43564,-813
54.69716548919678,-43603,-813
54.747201919555664,-43643,-810
54.80022048950195,-43686,-813
54.84881639480591,-43728,-811
54.900829553604126,-43768,-812
54.95089793205261,-43811,-812
55.00412631034851,-43851,-813
55.053680181503296,-43892,-813
55.10590434074402,-43938,-809
55.15319752693176,-43978,-812
55.210020303726196,-44019,-813
55.261117458343506,-44064,-815
55.318702697753906,-44110,-811
55.36846399307251,-44150,-811
55.418386459350586,-44188,-810
55.47059965133667,-44233,-812
55.52472400665283,-44277,-810
55.5729079246521,-44316,-812
55.63075518608093,-44363,-811
55.68416428565979,-44403,-811
55.73324370384216,-44449,-811
55.786218881607056,-44489,-811
55.838258266448975,-44528,-810
55.88620924949646,-44570,-813
55.94024395942688,-44611,-812
55.99346590042114,-44655,-811
56.04459309577942,-44699,-809
56.09614896774292,-44739,-811
56.14312815666199,-44782,-812
56.19506359100342,-44820,-810
56.245237827301025,-44861,-814
56.29982876777649,-44903,-814
56.348355770111084,-44942,-810
56.40129375457764,-44990,-813
56.45318841934204,-45033,-809
56.530415058135986,-45090,-810
56.64278483390808,-45184,-810
56.76011085510254,-45277,-811
56.81101131439209,-45322,-812
56.86420154571533,-45364,-812
56.91480803489685,-45405,-812
56.966251373291016,-45447,-809
57.01980757713318,-45488,-814
57.065187215805054,-45530,-813
57.11916422843933,-45571,-811
57.17089080810547,-45612,-815
57.225939989089966,-45657,-812
57.27604842185974,-45698,-814
57.324493646621704,-45738,-810
57.37613868713379,-45779,-813
57.42667579650879,-45820,-813
57.474453926086426,-45860,-812
57.525094985961914,-45901,-812
57.57605266571045,-45943,-812
