0.08282256126403809,3,86
0.14595484733581543,30,376
0.1843738555908203,33,44
0.220750093460083,25,-251
0.25133347511291504,24,-55
0.2890896797180176,14,-311
0.3203125,-1,-477
0.35094666481018066,-8,-230
0.3826889991760254,-10,-57
0.4145369529724121,-16,-230
0.445084810256958,-16,28
0.47765302658081055,-7,289
0.507838249206543,-4,77
0.5401978492736816,5,320
0.5717964172363281,20,485
0.6023867130279541,27,191
0.6341464519500732,25,-67
0.6701970100402832,28,46
0.7007038593292236,23,-85
0.7319252490997314,11,-403
0.7707643508911133,2,-205
0.8216183185577393,-23,-595
0.8742311000823975,-56,-571
0.9246137142181396,-72,-274
0.9760065078735352,-100,-617
1.072486400604248,-161,-350
1.1867754459381104,-129,697
1.2902586460113525,-53,662
1.3378958702087402,-34,379
1.3878073692321777,-4,672
1.434723138809204,30,595
1.4890973567962646,46,243
1.5388548374176025,71,618
1.588893175125122,105,591
1.6401448249816895,115,41
1.6888353824615479,105,-195
1.7400970458984375,109,102
1.7885255813598633,95,-380
1.8400700092315674,69,-481
1.892218828201294,59,-142
1.940551996231079,38,-546
1.9902708530426025,6,-546
2.03887939453125,-8,-292
2.0888757705688477,-33,-615
2.141256332397461,-67,-566
2.1899070739746094,-78,-187
2.2368061542510986,-72,192
2.2892048358917236,-81,-219
2.338963747024536,-72,323
2.3903229236602783,-49,452
2.437995195388794,-40,147
2.485123634338379,-18,559
2.5351288318634033,15,544
2.5852081775665283,28,220
2.6367909908294678,53,609
2.693774461746216,90,590
2.745802402496338,101,0
2.794541835784912,90,-238
2.8457305431365967,94,86
2.8929224014282227,82,-383
2.944239377975464,56,-469
2.9937856197357178,45,-195
3.0430662631988525,19,-587
3.100062608718872,-15,-564
3.1452574729919434,-31,-294
3.198115348815918,-57,-628
3.2451775074005127,-92,-567
3.297900915145874,-101,-41
3.3451366424560547,-92,189
3.3973305225372314,-95,-42
3.446843147277832,-80,444
3.5007877349853516,-49,494
3.55418062210083,-39,180
3.60302996635437,-16,586
3.6533312797546387,18,564
3.7048568725585938,32,233
3.7544875144958496,58,598
3.8059024810791016,90,591
3.8537492752075195,104,286
3.908480405807495,131,453
3.9601054191589355,137,-65
4.007990598678589,124,-259
4.057854175567627,122,-21
4.108411073684692,105,-499
4.158647537231445,75,-533
4.209085702896118,62,-197
4.260492563247681,39,-606
4.31307315826416,2,-565
4.362919330596924,-13,-268
4.414366960525513,-38,-609
4.463888883590698,-70,-540
4.514158725738525,-81,0
4.563771724700928,-71,228
4.613141775131226,-76,-104
4.663273811340332,-62,405
4.719128370285034,-35,497
4.7735888957977295,-24,165
4.824263095855713,-1,583
4.8707945346832275,29,580
4.920734167098999,44,238
4.970888376235962,68,537
5.028716325759888,94,335
5.0823163986206055,98,62
5.132550239562988,114,294
5.1825196743011475,110,-150
5.2347190380096436,88,-423
5.285812854766846,81,-108
5.335852384567261,60,-529
5.383645534515381,32,-535
5.434230089187622,20,-214
5.483037948608398,-7,-599
5.5356621742248535,-39,-547
5.586795330047607,-53,-256
5.6349897384643555,-77,-590
5.6851770877838135,-109,-555
5.73507285118103,-120,-38
5.784809589385986,-110,240
5.836122751235962,-114,-136
5.888538599014282,-101,398
5.938021183013916,-75,487
5.986172199249268,-64,199
6.090875864028931,-2,762
6.220530033111572,76,186
6.285130500793457,66,-234
6.33983850479126,75,300
6.386732578277588,98,458
6.435790777206421,102,-89
6.486168146133423,88,-292
6.5329766273498535,86,-98
6.584373712539673,69,-484
6.636169672012329,38,-545
6.6893370151519775,22,-290
6.738995552062988,-5,-620
6.790892124176025,-39,-617
6.843655347824097,-54,-278
6.89422345161438,-80,-615
6.944002866744995,-113,-568
6.9962427616119385,-124,-38
7.044485092163086,-115,251
7.099296808242798,-118,-151
7.150884389877319,-106,375
7.203688144683838,-79,470
7.253099679946899,-69,160
7.303043603897095,-46,571
7.354325771331787,-16,571
7.400770425796509,-1,264
7.451241493225098,27,623
7.509008407592773,64,637
7.5588459968566895,76,103
7.605207204818726,67,-197
7.656333923339844,72,144
7.7051403522491455,58,-392
7.757341623306274,34,-463
7.805836200714111,22,-202
7.85592794418335,-3,-582
7.909086227416992,-36,-524
7.960682392120361,-45,0
8.011244297027588,-34,250
8.066116333007812,-37,-40
8.115956544876099,-23,372
8.16314697265625,2,455
8.213993787765503,12,187
8.260751724243164,36,589
8.31681776046753,71,590
8.363126516342163,86,297
8.412895917892456,114,607
8.464335680007935,143,533
8.514251708984375,152,39
8.560847043991089,142,-185
8.613792657852173,145,37
8.662986755371094,130,-423
8.715161323547363,100,-482
8.770005941390991,90,-213
8.816305160522461,66,-582
8.867267608642578,34,-554
8.917778491973877,21,-277
8.968328714370728,-4,-624
9.01877474784851,-38,-548
9.068568229675293,-54,-258
9.123887300491333,-82,-636
9.171197414398193,-116,-564
9.225924253463745,-126,-242
9.272932291030884,-118,188
9.324466466903687,-122,-99
9.372036457061768,-111,364
9.421103954315186,-84,472
9.473758220672607,-75,193
9.526351928710938,-49,584
9.579813480377197,-17,566
9.62450885772705,-2,285
9.674415826797485,24,641
9.72419023513794,56,580
9.77558946609497,73,289
9.82502293586731,98,439
9.876230239868164,100,-51
9.931642532348633,83,-341
9.980949878692627,80,-97
