0.0859677791595459,2,36
0.11816167831420898,11,305
0.1502549648284912,14,75
0.1830434799194336,23,333
0.21410679817199707,40,549
0.24596548080444336,61,687
0.27713775634765625,85,759
0.30893468856811523,109,796
0.34119582176208496,137,820
0.37304234504699707,161,772
0.4053969383239746,176,429
0.43711376190185547,180,0
0.47399234771728516,172,-299
0.5058434009552002,155,-533
0.5381898880004883,135,-668
0.5689539909362793,113,-734
0.6015472412109375,87,-776
0.6349844932556152,61,-799
0.6655616760253906,37,-809
0.697415828704834,11,-818
0.7505125999450684,-37,-824
0.8643689155578613,-129,-828
0.9940135478973389,-235,-832
1.0490190982818604,-277,-622
1.0996170043945312,-294,-304
1.1511116027832031,-322,-564
1.196343183517456,-345,-436
1.251570701599121,-352,-97
1.3049390316009521,-370,-343
1.353362798690796,-369,82
1.405545949935913,-349,335
1.4553873538970947,-345,52
1.50419020652771,-326,510
1.5561845302581787,-290,727
1.6084308624267578,-246,800
1.6664340496063232,-201,834
1.718397617340088,-157,848
1.7702860832214355,-113,852
1.8252246379852295,-68,859
1.8730504512786865,-27,859
1.926037311553955,19,861
1.9792487621307373,64,857
2.0266013145446777,107,861
2.085925579071045,157,861
2.136104106903076,200,859
2.187342643737793,243,858
2.2388570308685303,285,651
2.288288116455078,304,327
2.3396010398864746,328,461
2.389604091644287,335,-38
2.447281837463379,320,-247
2.4961585998535156,322,24
2.5493738651275635,306,-452
2.5960352420806885,279,-470
2.6482455730438232,269,-136
2.7010419368743896,247,-556
2.783362627029419,183,-770
2.898581027984619,88,-821
3.0079245567321777,3,-829
3.0595974922180176,-36,-830
3.109294891357422,-78,-831
3.159231662750244,-119,-832
3.2085306644439697,-166,-830
3.266404390335083,-211,-831
3.3212227821350098,-253,-715
3.369619369506836,-275,-474
3.420309543609619,-309,-691
3.4715464115142822,-344,-568
3.5260121822357178,-359,-294
3.577505588531494,-382,-372
3.6294105052948,-386,46
3.6798388957977295,-362,540
3.7305195331573486,-328,732
3.785827159881592,-289,804
3.836611270904541,-246,834
3.886965751647949,-204,847
3.939708948135376,-159,854
3.9911227226257324,-111,861
4.041175603866577,-70,861
4.095545291900635,-25,861
4.148864269256592,21,864
4.199464797973633,64,859
4.250072002410889,111,858
4.303046703338623,154,859
4.353147506713867,197,861
4.404358625411987,243,864
4.459456443786621,285,640
4.510103464126587,299,199
4.563050746917725,290,-222
4.6125359535217285,293,37
4.665385484695435,278,-454
4.71397852897644,247,-678
4.766005277633667,209,-762
4.816227674484253,169,-796
4.870407819747925,121,-816
4.92524528503418,81,-823
4.976240158081055,38,-826
5.033046722412109,-8,-827
5.080146789550781,-49,-825
5.133957147598267,-93,-827
5.184081077575684,-135,-830
5.235955715179443,-179,-828
5.290402412414551,-223,-829
5.3425986766815186,-267,-827
5.391610145568848,-308,-829
5.440348386764526,-347,-659
5.49136209487915,-360,-159
5.541419267654419,-355,104
5.5919716358184814,-361,-152
5.645143270492554,-350,363
5.696403980255127,-322,455
5.748372554779053,-312,120
5.800338506698608,-289,549
5.855051517486572,-255,730
5.904902219772339,-216,804
5.953707933425903,-176,832
6.003676891326904,-134,848
6.056111812591553,-87,854
6.103972434997559,-45,855
6.155954837799072,-3,859
6.206975936889648,40,858
6.258209705352783,87,859
6.315507411956787,133,858
6.365171670913696,176,855
6.414981126785278,219,859
6.465107679367065,262,860
6.519152879714966,305,666
6.568301439285278,325,346
6.61850380897522,350,461
6.674422025680542,353,-25
6.726616382598877,335,-344
6.777212142944336,333,-36
6.829979181289673,313,-488
6.886122941970825,277,-712
6.937382459640503,237,-776
6.988414764404297,198,-802
7.041582822799683,155,-817
7.089995861053467,114,-824
7.1412353515625,71,-823
7.1900246143341064,33,-829
7.236207008361816,-6,-826
7.292493104934692,-51,-826
7.340279579162598,-92,-828
7.390235185623169,-135,-829
7.440464019775391,-177,-828
7.495291471481323,-218,-827
7.546145439147949,-261,-827
7.593216180801392,-297,-678
7.64042854309082,-313,-185
7.700945854187012,-304,218
7.751546859741211,-311,-179
7.801270484924316,-299,360
7.848339319229126,-272,648
7.901117563247681,-232,768
7.947833299636841,-195,817
7.998056173324585,-153,838
8.049641132354736,-109,849
8.107993602752686,-61,855
8.159499883651733,-18,855
8.208362817764282,27,859
8.264989852905273,73,863
8.310026168823242,114,860
8.361473321914673,159,858
8.413209915161133,200,858
8.465504169464111,245,858
8.514018058776855,288,861
8.56928014755249,331,670
8.617493152618408,346,183
8.668108940124512,339,-172
8.721308946609497,346,194
8.771011352539062,337,-283
8.819880723953247,312,-428
8.876546859741211,304,-128
8.931219100952148,277,-598
8.985500574111938,244,-727
9.035431861877441,206,-780
9.083082914352417,167,-803
9.13127326965332,125,-820
9.181576251983643,85,-824
9.229822158813477,44,-825
9.285423517227173,1,-827
9.333635330200195,-39,-828
9.386123657226562,-85,-827
9.436464309692383,-128,-825
9.489350080490112,-167,-825
9.537194013595581,-209,-826
9.591277360916138,-255,-828
9.640360116958618,-292,-679
9.696123838424683,-318,-443
9.751187562942505,-347,-474
9.801198720932007,-351,0
9.84948444366455,-338,260
9.899341821670532,-336,23
9.94895076751709,-318,500
10.000994205474854,-283,707
10.05959415435791,-239,806
10.110266208648682,-195,837
10.160427331924438,-152,848
10.213060855865479,-110,855
10.261624336242676,-67,858
10.30972409248352,-24,861
10.361057758331299,19,862
10.411149978637695,62,858
10.459411382675171,102,859
10.510320901870728,148,862
10.564099311828613,193,861
10.61410117149353,236,861
10.663779258728027,279,861
10.71439528465271,321,681
10.768306255340576,335,253
10.819684028625488,327,-218
10.875513553619385,333,182
10.925985336303711,321,-398
10.978960514068604,294,-462
11.03113055229187,284,-124
11.079623222351074,264,-530
11.12752652168274,232,-708
11.176251411437988,195,-767
11.22784948348999,152,-803
11.283958911895752,107,-816
11.332013130187988,69,-822
11.37965440750122,31,-826
11.431172370910645,-13,-827
11.477918863296509,-53,-825
11.528260231018066,-95,-826
11.579856872558594,-138,-829
11.630061864852905,-179,-831
11.686320781707764,-225,-828
11.748204231262207,-281,-789
11.84040117263794,-337,-347
11.935416460037231,-322,516
12.024266719818115,-266,358
12.116332292556763,-269,97
12.176433801651001,-248,536
12.229621171951294,-218,526
12.276182174682617,-205,271
12.325733423233032,-182,588
12.376347780227661,-145,751
12.42886757850647,-104,814
12.483224868774414,-58,838
12.535215377807617,-15,850
12.580586194992065,29,857
12.634176015853882,72,862
12.686250448226929,117,859
12.74012804031372,163,858
12.790415287017822,207,858
12.843905210494995,251,857
12.899288892745972,293,586
12.948074102401733,305,194
13.000255584716797,295,-227
13.053152322769165,299,40
13.100429773330688,286,-399
13.15295124053955,257,-668
13.203084945678711,220,-754
13.250373840332031,178,-792
13.309323072433472,136,-810
13.35813021659851,93,-816
13.408399105072021,54,-822
13.46999478340149,1,-822
13.519811630249023,-40,-820
13.571224451065063,-81,-820
13.618377208709717,-120,-819
13.669997692108154,-163,-822
13.728872060775757,-209,-823
13.778378248214722,-252,-824
13.831394910812378,-296,-821
13.882908821105957,-333,-658
13.929458379745483,-348,-180
13.984865188598633,-341,166
14.033324480056763,-345,-141
14.085471153259277,-333,386
14.135942935943604,-302,668
14.186315774917603,-261,785
14.238292932510376,-220,825
14.290940761566162,-179,841
14.341140985488892,-134,853
14.389602184295654,-95,860
14.439458131790161,-52,860
14.488489866256714,-5,860
14.543117046356201,38,860
14.589917182922363,81,862
14.64007830619812,124,862
14.693271398544312,167,862
14.744434833526611,214,864
14.797148942947388,257,861
14.849498271942139,301,861
14.904031038284302,346,643
14.952859878540039,358,197
14.999727725982666,350,-175
15.055323123931885,357,196
15.105741024017334,347,-374
15.154113054275513,317,-636
15.205936670303345,281,-749
15.254341125488281,242,-790
15.310402870178223,195,-812
15.36155390739441,154,-821
15.41419267654419,110,-820
15.465795516967773,72,-823
15.519268035888672,27,-826
15.566177368164062,-12,-828
15.616212606430054,-53,-824
15.669244050979614,-97,-823
15.719913482666016,-141,-829
15.77302598953247,-183,-827
15.819718599319458,-224,-824
15.868484258651733,-267,-823
15.920385837554932,-303,-634
15.973746299743652,-322,-335
16.02597737312317,-348,-428
16.07953715324402,-353,76
16.130077600479126,-331,544
16.179692268371582,-301,716
16.228588104248047,-257,799
16.28035306930542,-218,832
16.332537174224854,-174,846
16.38396716117859,-131,853
16.43390417098999,-89,857
16.48590588569641,-42,858
16.541106700897217,4,859
16.589484930038452,44,862
16.63943600654602,87,859
16.686197996139526,130,860
16.738399028778076,175,861
16.791375160217285,221,863
16.841213703155518,262,859
16.893373250961304,307,862
16.947133541107178,349,664
16.99964475631714,365,180
17.049605131149292,358,-180
17.09936237335205,364,158
17.14913010597229,354,-388
17.198190689086914,324,-658
17.249361753463745,289,-752
17.307049989700317,244,-796
17.35927438735962,202,-810
17.40973925590515,158,-820
17.460516929626465,115,-823
17.511393785476685,75,-824
17.562501668930054,32,-825
17.61159324645996,-7,-823
17.659722089767456,-50,-824
17.715272903442383,-92,-824
17.76531195640564,-133,-824
17.817078828811646,-176,-821
17.8689706325531,-218,-819
17.91854691505432,-263,-820
17.97045135498047,-304,-824
18.020578622817993,-345,-653
18.075825691223145,-357,-238
18.13125228881836,-347,246
18.180342197418213,-350,-104
18.233928442001343,-337,384
18.28450894355774,-307,670
18.333056211471558,-271,778
18.382072925567627,-230,819
18.430125951766968,-189,842
18.480371713638306,-146,854
18.53881049156189,-98,857
18.58827543258667,-53,862
18.64121913909912,-9,861
18.688467741012573,35,862
18.744261503219604,80,861
18.794899702072144,123,864
18.843820571899414,166,863
18.898510217666626,216,865
18.95610284805298,262,756
19.00825333595276,296,640
19.06111979484558,331,626
19.10960078239441,341,41
19.15596342086792,333,-195
19.20898151397705,339,180
19.25743007659912,328,-395
19.31377935409546,300,-398
19.36521005630493,295,-60
19.411623001098633,276,-497
19.463764667510986,244,-697
19.515425205230713,207,-770
19.564368963241577,164,-801
19.61921787261963,123,-814
19.66621422767639,84,-824
19.722912073135376,36,-827
19.77594757080078,-7,-824
19.82614541053772,-49,-824
19.879514932632446,-91,-826
19.929601907730103,-132,-826
19.97970151901245,-173,-824
20.029545545578003,-215,-825
20.081087112426758,-258,-684
20.13650345802307,-277,-285
20.191002130508423,-301,-464
20.23960828781128,-305,97
20.290984392166138,-290,328
20.341158151626587,-289,0
20.389997959136963,-272,445
20.439805030822754,-243,499
20.48982262611389,-233,169
20.543718814849854,-209,585
20.593958616256714,-172,742
20.643977880477905,-133,812
20.69608187675476,-88,837
20.74828338623047,-44,852
20.799915552139282,1,857
20.84978675842285,43,858
20.90578818321228,88,857
20.95325803756714,129,858
21.00359535217285,172,859
21.051628589630127,217,860
21.105574131011963,260,861
21.155421495437622,301,699
21.2037034034729,320,377
21.254109144210815,347,472
21.308301210403442,352,-84
21.36153244972229,331,-533
21.41115927696228,297,-703
21.461308479309082,259,-771
21.511302947998047,220,-804
21.558194637298584,181,-821
21.6085467338562,137,-823
21.66262698173523,97,-825
21.717074632644653,53,-830
21.76847743988037,8,-828
21.819608688354492,-32,-830
21.870992422103882,-75,-825
21.91978168487549,-118,-827
21.96968126296997,-156,-829
22.021366596221924,-201,-827
22.069782972335815,-243,-826
22.126911878585815,-287,-825
22.17579436302185,-325,-682
22.225382804870605,-345,-354
22.27503538131714,-369,-451
22.319907426834106,-373,84
22.369784116744995,-358,290
22.419578790664673,-358,0
22.469906091690063,-342,437
22.5290424823761,-306,709
22.58112406730652,-264,796
22.63137912750244,-221,835
22.680288553237915,-179,848
22.734023809432983,-136,854
22.788846015930176,-90,859
22.839221954345703,-47,861
22.892071962356567,-1,861
22.944421768188477,49,860
22.999391078948975,92,861
23.049678325653076,137,859
23.099324941635132,177,857
23.14782404899597,221,860
23.198315620422363,265,860
23.251059532165527,309,862
23.299935579299927,349,733
23.3543221950531,365,103
23.40456771850586,355,-188
23.45600962638855,358,0
23.536481857299805,323,-611
23.59568214416504,279,-752
23.66900110244751,229,-800
23.720393657684326,184,-815
23.775960206985474,139,-823
23.826328992843628,97,-824
23.878419637680054,52,-827
23.930441856384277,12,-830
23.986025094985962,-33,-827
24.036024808883667,-74,-829
24.08622670173645,-117,-828
24.144872903823853,-164,-828
24.193350791931152,-203,-826
24.244277477264404,-247,-828
24.293081283569336,-283,-660
24.34512948989868,-303,-341
24.39582133293152,-329,-468
24.44434142112732,-334,69
24.495970487594604,-320,287
24.550958395004272,-321,0
24.60130286216736,-305,456
24.65156126022339,-273,697
24.701290369033813,-234,783
24.75198006629944,-193,830
24.8039231300354,-151,847
24.854235649108887,-105,852
24.906206846237183,-62,857
24.963719606399536,-12,859
25.014421224594116,31,862
25.06575894355774,76,861
25.124394416809082,124,861
25.17062211036682,167,861
25.22258186340332,210,863
25.27409052848816,255,865
25.328417778015137,297,636
25.38118290901184,316,291
25.42945909500122,341,627
25.477524042129517,373,567
25.528116941452026,385,248
25.579750537872314,367,-450
25.632602214813232,337,-685
25.683796167373657,299,-766
25.738537073135376,256,-800
25.790379524230957,212,-815
25.84157109260559,169,-823
25.89132308959961,128,-829
25.944076538085938,85,-829
25.9970965385437,44,-831
26.04938006401062,1,-830
26.095703601837158,-38,-831
26.151254892349243,-87,-830
26.199822187423706,-127,-830
26.25250482559204,-169,-830
26.301482439041138,-212,-828
26.353796243667603,-253,-826
26.405532121658325,-293,-680
26.456940174102783,-314,-379
26.509950876235962,-340,-453
26.563343048095703,-345,82
26.613218307495117,-329,286
26.65950870513916,-327,37
26.708407878875732,-308,490
26.763075351715088,-275,710
26.811478853225708,-238,798
26.859943151474,-197,833
26.910481929779053,-153,852
26.96812391281128,-107,857
27.022099256515503,-58,862
27.070619821548462,-17,863
27.124125242233276,28,862
27.174092531204224,73,866
27.224093198776245,117,863
27.27410340309143,160,863
27.3274188041687,203,864
27.375563621520996,245,866
27.42552137374878,288,865
27.477352380752563,330,652
27.52829098701477,351,382
27.58163857460022,379,455
27.635268449783325,381,-50
27.685576915740967,361,-530
27.73963499069214,325,-720
27.789599418640137,282,-780
27.840365409851074,243,-803
27.893223762512207,203,-819
27.94325280189514,162,-824
27.99259352684021,119,-825
28.043182373046875,79,-826
28.09367275238037,37,-827
28.14858889579773,-12,-831
28.20504641532898,-55,-826
28.249492645263672,-92,-828
28.299702882766724,-133,-829
28.348124504089355,-176,-828
28.399620532989502,-216,-828
28.448947429656982,-257,-829
28.496606588363647,-300,-827
28.55569815635681,-342,-655
28.60741925239563,-357,-244
28.656619548797607,-350,171
28.711180210113525,-358,-208
28.75958514213562,-350,336
28.80933690071106,-322,648
28.857578992843628,-287,771
28.912593364715576,-242,825
28.96841311454773,-193,852
29.021369695663452,-149,857
29.06839942932129,-107,861
29.120946645736694,-64,862
29.171202182769775,-19,866
29.21945571899414,21,867
29.266465663909912,65,866
29.32133650779724,111,865
29.370389699935913,157,861
29.4229257106781,197,863
29.469661474227905,237,863
29.52010202407837,283,864
29.57506823539734,325,676
29.622610092163086,340,175
29.671141624450684,335,-48
29.718276023864746,342,196
29.775541305541992,329,-390
29.8237247467041,304,-451
29.876161098480225,294,-122
29.925935745239258,273,-575
29.98116660118103,235,-718
30.028257131576538,198,-780
30.080084085464478,157,-807
30.136587381362915,108,-822
30.190430164337158,65,-824
30.244004249572754,23,-830
30.2955482006073,-18,-831
30.348851442337036,-63,-835
30.397801876068115,-107,-836
30.44936466217041,-147,-836
30.497777700424194,-190,-834
30.553256273269653,-235,-835
30.601382732391357,-274,-698
30.653103351593018,-293,-398
30.701611757278442,-320,-448
30.754474401474,-324,25
30.80956721305847,-305,394
30.86000370979309,-288,353
30.912993669509888,-259,658
30.969366312026978,-218,783
31.01621913909912,-177,823
31.067601919174194,-133,841
31.11825394630432,-91,852
31.168204069137573,-50,856
31.2197425365448,-3,861
31.268275499343872,38,861
31.318385124206543,84,859
31.374569177627563,129,861
31.429371118545532,174,860
31.477983951568604,219,862
31.52843427658081,263,859
31.581355333328247,306,863
31.6296489238739,344,692
31.679518222808838,362,189
31.735350370407104,350,-371
31.78541898727417,321,-654
31.83308482170105,286,-749
31.881298065185547,246,-791
31.931466579437256,207,-812
31.980979204177856,168,-822
32.03133177757263,123,-825
32.08138561248779,83,-829
32.129414558410645,40,-831
32.18036723136902,-1,-831
32.23148846626282,-43,-833
32.282026052474976,-85,-830
32.33503794670105,-126,-830
32.38539481163025,-168,-831
32.433917760849,-209,-830
32.485766887664795,-251,-830
32.54102897644043,-299,-833
32.590453147888184,-339,-674
32.64150309562683,-358,-338
32.69406795501709,-387,-660
32.745758295059204,-420,-583
32.79578709602356,-432,-44
32.84577918052673,-419,420
32.89526677131653,-388,681
32.94595170021057,-346,788
32.99830174446106,-305,827
33.05120897293091,-261,849
33.0984525680542,-220,857
33.149842500686646,-175,860
33.19955658912659,-135,865
33.251259326934814,-87,863
33.29842972755432,-44,863
33.35606098175049,1,864
33.40955853462219,46,867
33.45903205871582,89,867
33.51089286804199,138,863
33.560415267944336,179,864
33.61615538597107,229,862
33.66833305358887,273,864
33.719542026519775,312,691
33.77512788772583,334,338
33.82528257369995,359,471
33.87306237220764,365,-31
33.9224967956543,346,-483
33.97730851173401,308,-711
34.029480934143066,273,-779
34.07923150062561,233,-803
34.1310830116272,189,-820
34.18416118621826,143,-827
34.23714590072632,100,-833
34.28994393348694,56,-833
34.34057974815369,13,-835
34.390058517456055,-25,-832
34.43966197967529,-65,-834
34.48626661300659,-107,-837
34.538259744644165,-154,-834
34.594130516052246,-197,-832
34.64546275138855,-237,-834
34.69149684906006,-279,-835
34.74489617347717,-317,-639
34.7900927066803,-337,-355
34.84368705749512,-362,-460
34.89374113082886,-368,83
34.94827890396118,-353,249
34.99974250793457,-357,-107
35.049455642700195,-344,413
35.10155630111694,-312,682
35.15741586685181,-271,796
35.2093825340271,-228,828
35.25827622413635,-185,847
35.309375286102295,-143,857
35.364922761917114,-95,860
35.41573405265808,-53,860
35.465837478637695,-8,864
35.51563858985901,34,862
35.565290212631226,77,859
35.610392570495605,118,859
35.66381359100342,163,859
35.71311140060425,204,858
35.7685432434082,254,860
35.821457862854004,298,751
35.87541723251343,327,569
35.92605185508728,359,548
35.97604823112488,367,-37
36.02832531929016,349,-488
36.080946922302246,318,-687
36.131444215774536,277,-768
36.185117959976196,238,-801
36.23540759086609,197,-818
36.28146409988403,156,-827
36.33569669723511,115,-831
36.385868072509766,71,-833
36.43571734428406,31,-834
36.486029863357544,-12,-834
36.536041021347046,-54,-834
36.58930253982544,-97,-833
36.639485597610474,-139,-836
36.68606448173523,-181,-834
36.73848915100098,-228,-835
36.79151701927185,-269,-835
36.84562635421753,-311,-833
36.894084453582764,-350,-672
36.94622993469238,-366,-190
37.000444650650024,-353,396
37.0531268119812,-324,671
37.100367307662964,-286,784
37.15310621261597,-245,823
37.200461626052856,-202,844
37.25140428543091,-159,855
37.303988218307495,-116,856
37.35815072059631,-70,860
37.409740924835205,-25,862
37.45848321914673,18,862
37.50978970527649,63,862
37.56031560897827,106,865
37.61413335800171,153,861
37.665926933288574,196,861
37.71755504608154,239,863
37.77565622329712,289,861
37.82781267166138,334,695
37.879591941833496,353,397
37.950605392456055,397,490
38.00602197647095,403,-36
38.05601406097412,389,-317
38.10899233818054,387,-21
38.163978576660156,366,-511
38.213719844818115,335,-703
38.26162505149841,295,-778
38.31437063217163,253,-808
38.366002321243286,211,-821
38.41898965835571,170,-832
38.47104740142822,126,-838
38.521586179733276,83,-838
38.575397968292236,39,-838
38.62394380569458,-3,-837
38.675761699676514,-45,-839
38.72688579559326,-89,-838
38.778977394104004,-132,-839
38.83112859725952,-177,-836
38.87778687477112,-217,-835
38.92830562591553,-259,-835
38.98617935180664,-304,-640
39.03939247131348,-324,-355
39.08609414100647,-348,-389
39.13931369781494,-351,53
39.18618869781494,-331,524
39.239342212677,-298,713
39.28887152671814,-259,794
39.339627265930176,-213,830
39.39563536643982,-171,849
39.44878697395325,-125,853
39.49819493293762,-83,857
39.548510789871216,-38,860
39.60118126869202,7,857
39.6481831073761,46,862
39.70030879974365,93,862
39.75381398200989,139,864
39.80965805053711,184,864
39.85959005355835,227,859
39.90828537940979,272,858
39.960068464279175,314,715
40.01145029067993,334,345
40.06586790084839,365,661
40.115681886672974,398,625
40.171292781829834,410,-41
40.22030997276306,394,-476
40.27306389808655,363,-686
40.32559680938721,324,-769
40.375290870666504,284,-800
40.424851179122925,243,-822
40.46976184844971,204,-830
40.52109503746033,161,-831
40.57814574241638,115,-833
40.62972164154053,72,-838
40.679508447647095,32,-836
40.72844696044922,-12,-836
40.78329300880432,-55,-837
40.831544637680054,-99,-834
40.897337913513184,-151,-835
40.98931288719177,-217,-376
41.07823872566223,-223,-51
41.167468786239624,-266,-678
41.25483512878418,-324,-422
41.3355016708374,-330,-185
41.421629905700684,-367,-262
41.5083224773407,-346,543
41.59843921661377,-282,791
41.6914746761322,-205,844
41.781611919403076,-129,860
41.847928524017334,-72,861
41.90114951133728,-27,863
41.948301792144775,13,863
42.00112438201904,59,859
42.04781460762024,101,863
42.09959530830383,142,863
42.14728569984436,184,861
42.20125961303711,231,812
42.2494957447052,261,521
42.29850745201111,274,198
42.35119676589966,295,389
42.39830183982849,296,-126
42.4509060382843,274,-545
42.50112509727478,239,-709
42.549806356430054,203,-779
42.601099252700806,160,-803
42.65305781364441,121,-818
42.699989557266235,79,-827
42.75153374671936,36,-835
42.80329465866089,-4,-834
42.85038113594055,-46,-834
42.90489959716797,-89,-838
42.95626926422119,-134,-838
43.00999307632446,-179,-838
43.05955505371094,-218,-834
43.10830593109131,-261,-834
43.15912747383118,-299,-658
43.21137857437134,-320,-329
43.26095747947693,-345,-455
43.31061387062073,-347,27
43.365232944488525,-326,564
43.41774082183838,-288,734
43.469544410705566,-250,805
43.519028186798096,-209,838
43.56957960128784,-166,854
43.618268966674805,-122,861
43.669734477996826,-75,863
43.72146821022034,-32,863
43.78000998497009,18,864
43.83031725883484,63,865
43.88366675376892,105,862
43.9389865398407,153,862
43.98954224586487,196,866
44.037554025650024,238,866
44.086625814437866,283,866
44.13814735412598,325,680
44.19799757003784,341,36
44.24950861930847,330,-198
44.3010950088501,331,0
44.34934639930725,319,-404
44.400958776474,292,-432
44.45120406150818,283,-128
44.49817633628845,261,-546
44.54950571060181,230,-710
44.60453271865845,187,-783
44.6560001373291,144,-808
44.70839738845825,101,-825
44.76154589653015,58,-829
44.8151638507843,15,-834
44.86286497116089,-25,-832
44.90973162651062,-65,-833
44.95967507362366,-106,-837
45.01549458503723,-153,-837
45.060508251190186,-194,-831
45.11512756347656,-238,-836
45.170469522476196,-286,-841
45.22027325630188,-328,-840
45.273563861846924,-366,-644
45.32415795326233,-383,-171
45.3789701461792,-378,36
45.42650508880615,-388,-197
45.478275537490845,-380,318
45.530625104904175,-349,638
45.585076332092285,-312,776
45.635772943496704,-271,823
45.68599033355713,-228,841
45.737348794937134,-185,852
45.79409742355347,-135,859
45.84578537940979,-93,864
45.89927053451538,-46,862
45.94948434829712,-3,868
45.99929165840149,41,864
46.04929161071777,84,864
46.09954810142517,127,866
46.1475191116333,169,861
46.200496435165405,220,866
46.25399088859558,259,682
46.30397272109985,278,385
46.35416913032532,305,459
46.40434217453003,307,-25
46.459248065948486,290,-270
46.50618243217468,289,-21
46.556127309799194,273,-481
46.61034941673279,235,-697
46.66328239440918,201,-771
46.71321392059326,161,-801
46.765522718429565,119,-819
46.81381177902222,77,-826
46.86565852165222,36,-831
46.91451358795166,-7,-831
46.96455359458923,-49,-833
47.02147054672241,-96,-837
47.07160210609436,-138,-836
47.12098932266235,-178,-834
47.16966104507446,-218,-832
47.22092866897583,-261,-837
47.27034401893616,-307,-836
47.3236882686615,-344,-674
47.370277404785156,-365,-383
47.428128480911255,-396,-484
47.47799372673035,-402,38
47.52833008766174,-389,266
47.58028221130371,-389,-36
47.63506603240967,-373,452
47.681440353393555,-341,681
47.7354679107666,-303,788
47.78745198249817,-260,829
47.83632493019104,-217,847
47.887614250183105,-172,859
47.938294410705566,-129,860
47.98953819274902,-88,861
48.03954339027405,-45,861
48.08609700202942,-3,864
48.139724254608154,43,859
48.19045042991638,89,859
48.245585918426514,133,860
48.29697036743164,177,857
48.349448919296265,222,859
48.399890184402466,269,860
48.44813251495361,307,678
48.499223947525024,326,389
48.551358699798584,354,488
48.60456657409668,358,-52
48.657328844070435,339,-523
48.706167459487915,306,-697
48.756457805633545,267,-772
48.80946159362793,227,-805
48.85835075378418,185,-819
48.911431550979614,140,-823
48.96550679206848,99,-831
49.01606249809265,55,-836
49.06612181663513,12,-834
49.116429805755615,-31,-835
49.16953253746033,-75,-836
49.22029113769531,-117,-835
49.27035188674927,-160,-836
49.32419514656067,-202,-835
49.375662088394165,-244,-835
49.42903780937195,-289,-836
49.48121356964111,-331,-694
49.52831029891968,-348,-262
49.581329107284546,-357,-177
49.62936782836914,-345,389
49.67829775810242,-316,673
49.732038497924805,-276,780
49.783077001571655,-235,830
49.8359169960022,-189,851
49.8888463973999,-145,860
49.938300371170044,-100,862
49.990862131118774,-54,860
50.04311561584473,-12,863
50.09560751914978,33,861
50.14369750022888,74,863
50.205251932144165,127,863
50.254422187805176,174,864
50.30750513076782,216,866
50.358882904052734,261,863
50.4093451499939,304,862
50.46306586265564,347,681
50.51120400428772,364,190
50.55825638771057,360,-103
50.619004011154175,371,244
50.66974687576294,361,-324
50.721277952194214,336,-421
50.77023386955261,329,-124
50.82379508018494,307,-544
50.873798847198486,273,-717
50.92518353462219,235,-783
50.974921464920044,195,-808
51.02833795547485,149,-821
51.07981586456299,106,-828
51.13012146949768,65,-831
51.17991542816162,23,-834
51.231271743774414,-21,-835
51.280046463012695,-61,-834
51.33040404319763,-104,-837
51.38336634635925,-144,-834
51.43924689292908,-191,-832
51.48742055892944,-231,-834
51.5361328125,-270,-656
51.58934807777405,-286,-161
51.63591265678406,-281,155
51.68935465812683,-290,-183
51.738457918167114,-279,359
51.79749822616577,-253,383
51.846177101135254,-248,61
51.89593720436096,-229,536
51.94838786125183,-193,723
52.0010986328125,-152,797
52.05139422416687,-109,833
52.104331731796265,-65,849
52.15591096878052,-21,857
52.21454381942749,27,861
52.264554500579834,72,862
52.31568264961243,114,863
52.36539101600647,157,864
52.413567543029785,198,864
52.465250968933105,243,859
52.51494550704956,286,864
52.56507873535156,327,695
52.61833953857422,344,192
52.67302370071411,336,-182
52.72436833381653,342,185
52.77740740776062,330,-396
52.82654857635498,302,-453
52.878443241119385,292,-170
52.930349826812744,270,-564
52.98136901855469,235,-727
53.03819942474365,191,-789
53.08954119682312,153,-813
53.14097833633423,110,-822
53.18952965736389,70,-827
53.238571882247925,25,-830
53.290029764175415,-17,-834
53.34004187583923,-58,-835
53.39134430885315,-100,-832
53.44334101676941,-142,-835
53.49207377433777,-184,-836
53.5396614074707,-222,-838
53.5885329246521,-269,-836
53.64255332946777,-307,-667
53.69437789916992,-327,-345
53.75762486457825,-360,-457
53.81424331665039,-365,27
53.865612506866455,-349,269
53.917168378829956,-349,-35
53.970942735672,-331,477
54.020389556884766,-296,703
54.07151961326599,-257,794
54.12311911582947,-218,833
54.17154359817505,-174,848
54.226414918899536,-126,858
54.279046297073364,-85,857
54.331133127212524,-39,859
54.37834572792053,3,862
54.429784297943115,49,863
54.48330616950989,91,862
54.53322982788086,133,857
54.584813833236694,178,857
54.63525629043579,221,857
54.68462300300598,264,660
54.73833250999451,284,383
54.78969621658325,308,444
54.83956265449524,314,-30
54.890908002853394,300,-273
54.9398078918457,301,39
54.99117684364319,286,-408
55.04134225845337,258,-490
55.088353633880615,246,-219
55.140339374542236,219,-591
55.19291949272156,187,-737
55.24614953994751,143,-791
55.29880928993225,103,-811
55.34988188743591,59,-826
55.400222063064575,17,-830
55.456392765045166,-31,-832
55.508869886398315,-71,-832
55.55970501899719,-113,-835
55.60987377166748,-159,-836
55.66155123710632,-201,-836
55.71400332450867,-245,-833
55.76875376701355,-285,-639
55.82547116279602,-301,-49
55.87596869468689,-287,403
55.92645835876465,-254,684
55.97848415374756,-214,785
56.03132915496826,-172,832
56.0840950012207,-129,848
56.13592004776001,-83,856
56.18950891494751,-41,859
56.24051880836487,8,863
56.29359436035156,49,861
56.34377121925354,91,666
56.393709897994995,111,393
