0.09080123901367188,5,263
0.17071080207824707,45,530
0.2393629550933838,68,197
0.3091754913330078,53,-241
0.38004446029663086,51,-20
0.4291064739227295,52,24
0.4657325744628906,45,-240
0.49750423431396484,35,-291
0.5292117595672607,29,-222
0.560166597366333,22,-202
0.5928826332092285,15,-224
0.6249639987945557,7,-236
0.655616044998169,0,-236
0.687680721282959,-9,-262
0.7186069488525391,-17,-267
0.7506484985351562,-24,-213
0.7838337421417236,-30,-196
0.8147838115692139,-35,-159
0.8506560325622559,-40,-137
0.8836944103240967,-44,-114
0.9198803901672363,-47,-62
0.971179723739624,-47,-52
1.0211904048919678,-47,-4
1.0709490776062012,-41,130
1.1225454807281494,-34,163
1.173248291015625,-24,199
1.2246921062469482,-13,230
1.275796890258789,0,249
1.330852746963501,15,268
1.379546880722046,26,212
1.429102897644043,32,119
1.476198434829712,35,51
1.5278773307800293,38,55
1.5778899192810059,37,0
1.630796194076538,32,-99
1.6827104091644287,25,-130
1.7321059703826904,18,-152
1.78468656539917,10,-162
1.8333723545074463,1,-199
1.8841321468353271,-11,-222
1.9356756210327148,-21,-180
1.9872028827667236,-29,-133
2.03682541847229,-33,-85
2.093973398208618,-34,-43
2.145155191421509,-33,5
2.195477247238159,-28,114
2.2436299324035645,-21,174
2.295353889465332,-10,239
2.3451087474823,2,260
2.3945655822753906,19,347
2.4436283111572266,35,311
2.4973998069763184,49,211
2.5478355884552,58,202
2.600767135620117,70,214
2.6476809978485107,76,128
2.698141574859619,78,60
2.7508699893951416,78,11
2.7988905906677246,78,-8
2.845402717590332,73,-125
2.8993396759033203,62,-217
2.947702646255493,50,-253
2.9989616870880127,36,-303
3.0453755855560303,21,-315
3.0994644165039062,3,-345
3.1492176055908203,-13,-327
3.1956965923309326,-30,-342
3.247093677520752,-41,-188
3.299628496170044,-50,-141
3.350942611694336,-54,-60
3.40085768699646,-55,-42
3.4488017559051514,-55,5
3.500587224960327,-50,84
3.548030376434326,-43,137
3.598097562789917,-35,174
3.649301528930664,-26,204
3.6999106407165527,-16,165
3.7546520233154297,-8,154
3.7996768951416016,0,157
3.854628324508667,9,195
3.8990790843963623,17,160
3.947866439819336,22,73
3.997800588607788,23,60
4.050690650939941,22,4
4.09964394569397,19,-82
4.150798559188843,12,-148
4.199652671813965,3,-184
4.2495386600494385,-5,-150
4.300537347793579,-15,-196
4.3516223430633545,-28,-294
4.399906873703003,-43,-286
4.452208757400513,-54,-181
4.504471302032471,-61,-110
4.5535783767700195,-65,-82
4.603391647338867,-68,-69
4.6535937786102295,-66,32
4.705627679824829,-60,139
4.755579233169556,-51,176
4.806701898574829,-41,219
4.856080532073975,-27,272
4.910712718963623,-12,304
4.9578704833984375,2,288
5.0108864307403564,16,291
5.065509796142578,35,344
5.115464448928833,49,260
5.16496729850769,58,167
5.210001468658447,65,135
5.266554117202759,70,77
5.314087390899658,70,0
5.3655877113342285,65,-98
5.415549039840698,60,-123
5.465023756027222,52,-164
5.512654542922974,44,-186
5.559225797653198,33,-256
5.609086990356445,19,-287
5.656193256378174,5,-247
5.709886789321899,-6,-207
5.761595010757446,-15,-163
5.810738563537598,-21,-121
5.85687518119812,-24,-45
5.907857894897461,-24,-16
5.960696220397949,-23,4
6.0078887939453125,-21,83
6.0591206550598145,-13,169
6.109297275543213,-5,183
6.160428762435913,7,253
6.211086988449097,21,288
6.257838726043701,34,247
6.31274938583374,43,141
6.3635101318359375,49,95
6.414638996124268,53,81
6.460891485214233,54,45
6.514459848403931,53,-12
6.563881874084473,49,-82
6.61091160774231,44,-109
6.66112756729126,37,-160
6.707792282104492,27,-247
6.759474039077759,13,-254
6.809384822845459,-1,-303
6.859652280807495,-18,-352
6.914834499359131,-37,-356
6.961050987243652,-51,-249
7.0097270011901855,-60,-185
7.05983829498291,-70,-184
7.114689111709595,-77,-95
7.163503170013428,-78,-17
7.214609861373901,-75,74
7.2653648853302,-70,87
7.319228649139404,-65,106
7.369085788726807,-55,217
7.420708417892456,-39,337
7.467067241668701,-24,350
7.518025875091553,-5,336
7.571072578430176,10,293
7.61791729927063,23,248
7.672148704528809,33,153
7.724681377410889,37,69
7.769351959228516,38,43
7.820596218109131,38,12
7.86802077293396,37,-26
7.920875072479248,32,-103
7.96898341178894,25,-142
8.018542289733887,16,-205
8.067399501800537,4,-227
8.12253475189209,-6,-188
8.169043779373169,-14,-164
8.219033479690552,-23,-167
8.266764879226685,-30,-150
8.315122842788696,-35,-110
8.362790584564209,-37,-46
8.412859201431274,-36,13
8.464740753173828,-31,105
8.514493465423584,-24,159
8.561183214187622,-13,209
8.613797903060913,-3,215
8.662785530090332,9,251
8.70982027053833,22,247
8.759964942932129,35,275
8.812172651290894,47,223
8.86104941368103,57,182
8.913540124893188,66,178
8.963216304779053,75,178
9.012601137161255,79,84
9.063673496246338,78,-6
9.116706609725952,74,-95
9.165193557739258,68,-139
9.214998483657837,59,-209
9.259828567504883,44,-315
9.313780069351196,27,-321
9.365445137023926,11,-344
9.413674116134644,-7,-356
9.465006828308105,-23,-306
9.512930393218994,-35,-245
9.564686298370361,-46,-181
9.60925555229187,-52,-129
9.658929586410522,-56,-68
9.711006879806519,-56,0
9.759306192398071,-51,118
9.808040618896484,-44,131
9.859123229980469,-39,128
9.907751083374023,-29,247
9.959115028381348,-14,294
10.006126880645752,-1,235
