0.04125356674194336,-6,-263
0.11006975173950195,-41,-651
0.167999267578125,-83,-756
0.21922993659973145,-127,-795
0.27707338333129883,-172,-811
0.33615803718566895,-218,-823
0.40349459648132324,-277,-826
0.4744868278503418,-334,-829
0.5305910110473633,-378,-830
0.5918712615966797,-430,-829
0.6480164527893066,-476,-829
0.7015790939331055,-522,-830
0.7600195407867432,-569,-826
0.8171429634094238,-618,-826
0.8790585994720459,-668,-826
0.936342716217041,-714,-826
0.9921698570251465,-761,-827
1.0461008548736572,-805,-829
1.1020898818969727,-852,-824
1.1596319675445557,-901,-828
1.2186753749847412,-948,-824
1.2805161476135254,-999,-826
1.3380954265594482,-1050,-829
1.3983759880065918,-1096,-826
1.4529333114624023,-1143,-825
1.507396936416626,-1189,-825
1.5666921138763428,-1235,-826
1.6207976341247559,-1283,-825
1.684596061706543,-1336,-824
1.7399907112121582,-1379,-827
1.7927606105804443,-1422,-825
1.8504846096038818,-1470,-824
1.9066822528839111,-1516,-824
1.9645013809204102,-1566,-829
2.022275447845459,-1612,-828
2.0838890075683594,-1663,-828
2.133445978164673,-1704,-829
2.1905570030212402,-1756,-827
2.252035140991211,-1802,-829
2.3164143562316895,-1855,-826
2.371530294418335,-1901,-828
2.4312636852264404,-1952,-825
2.4942710399627686,-2004,-823
2.555668830871582,-2055,-825
2.6107940673828125,-2101,-821
2.669342517852783,-2149,-825
2.725017547607422,-2195,-824
2.7830235958099365,-2241,-822
2.8367581367492676,-2284,-825
2.9000496864318848,-2336,-824
2.9568283557891846,-2386,-828
3.012791633605957,-2429,-826
3.066067934036255,-2478,-829
3.124429702758789,-2523,-826
3.180422782897949,-2568,-825
3.2390685081481934,-2617,-826
3.298264980316162,-2665,-826
3.354659080505371,-2713,-828
3.411362409591675,-2761,-827
3.4726157188415527,-2809,-828
3.5302085876464844,-2857,-832
3.586397409439087,-2904,-831
3.6439926624298096,-2952,-830
3.7041940689086914,-3003,-830
3.7594566345214844,-3048,-829
3.8176040649414062,-3098,-827
3.8762943744659424,-3144,-829
3.9296464920043945,-3190,-826
3.9880669116973877,-3236,-825
4.042006254196167,-3281,-825
4.09955906867981,-3330,-824
4.156724691390991,-3375,-825
4.214419364929199,-3426,-823
4.271955728530884,-3468,-719
4.329450368881226,-3498,-341
4.391889810562134,-3491,319
4.448383331298828,-3460,655
4.507078170776367,-3413,778
4.563330888748169,-3368,820
4.6256103515625,-3318,840
4.681521415710449,-3265,847
4.741012096405029,-3218,851
4.797351121902466,-3170,855
4.8544251918792725,-3122,849
4.914014101028442,-3072,758
4.972167491912842,-3036,580
5.026669979095459,-3010,443
5.088638067245483,-2984,441
5.14990758895874,-2953,561
5.204117059707642,-2916,672
5.268097162246704,-2874,710
5.3230226039886475,-2833,673
5.374462127685547,-2800,593
5.438738107681274,-2769,520
5.493994474411011,-2740,525
5.550587892532349,-2709,584
5.60834813117981,-2673,634
5.668834209442139,-2634,659
5.726164102554321,-2596,635
5.779374122619629,-2562,593
5.83920955657959,-2529,563
5.895112991333008,-2495,562
5.954182147979736,-2463,590
6.012779235839844,-2429,597
6.077492952346802,-2390,594
6.134536027908325,-2356,588
6.190254211425781,-2324,610
6.246002197265625,-2288,634
6.303487062454224,-2250,635
6.359501600265503,-2215,614
6.418450593948364,-2182,580
6.478345155715942,-2148,574
6.533301115036011,-2113,588
6.595095157623291,-2077,601
6.64964485168457,-2044,605
6.707967758178711,-2010,612
6.760876655578613,-1976,611
6.816736221313477,-1944,598
6.878910779953003,-1906,590
6.93879246711731,-1872,581
6.998854160308838,-1837,599
7.060115575790405,-1799,614
7.116186618804932,-1765,618
7.173409938812256,-1728,598
7.223957777023315,-1696,583
7.290026426315308,-1661,595
7.350060939788818,-1625,609
7.404993772506714,-1590,607
7.462571620941162,-1557,592
7.517314434051514,-1523,582
7.574601173400879,-1489,593
7.631041049957275,-1455,615
7.697627782821655,-1415,615
7.755940675735474,-1380,610
7.810835123062134,-1343,595
7.869659423828125,-1311,590
7.9287474155426025,-1278,593
7.9843621253967285,-1242,602
8.042245149612427,-1210,603
8.10293960571289,-1172,589
8.160274505615234,-1140,597
8.217116832733154,-1105,590
8.273477554321289,-1072,575
8.33085584640503,-1035,588
8.390088319778442,-1004,614
8.447236776351929,-966,640
8.507391691207886,-927,640
8.566185474395752,-892,609
8.620666265487671,-860,582
8.680378913879395,-826,579
8.73679232597351,-793,587
8.791630744934082,-759,603
8.85034990310669,-724,598
8.91510796546936,-685,610
8.972758054733276,-651,615
9.028781652450562,-617,600
9.087345123291016,-582,577
9.146675825119019,-548,572
9.223174571990967,-503,598
9.283598184585571,-466,632
9.342416524887085,-429,638
9.40137529373169,-392,609
9.463848352432251,-355,576
9.522053003311157,-322,569
9.578798532485962,-290,591
9.632965803146362,-254,615
9.697605609893799,-215,613
9.751450061798096,-182,615
9.810059547424316,-147,608
9.865073442459106,-111,592
9.925630569458008,-78,577
9.97956109046936,-48,574
10.037470817565918,-12,602
