0.038095951080322266,-4,-115
0.09881734848022461,-34,-615
0.15393686294555664,-73,-739
0.21026301383972168,-117,-791
0.27152442932128906,-166,-811
0.32727479934692383,-214,-822
0.38465285301208496,-260,-825
0.43996453285217285,-305,-824
0.49749207496643066,-356,-831
0.5573430061340332,-404,-827
0.6145279407501221,-452,-828
0.6773419380187988,-503,-830
0.7372734546661377,-552,-827
0.793358325958252,-600,-832
0.8511853218078613,-649,-832
0.9126949310302734,-696,-829
0.9712183475494385,-747,-827
1.0276305675506592,-795,-829
1.0928914546966553,-847,-829
1.149953842163086,-893,-828
1.2007689476013184,-941,-832
1.2595138549804688,-986,-830
1.3180503845214844,-1032,-827
1.380631923675537,-1084,-826
1.438863754272461,-1132,-828
1.5030677318572998,-1188,-825
1.563115119934082,-1238,-826
1.6190671920776367,-1284,-828
1.6730084419250488,-1327,-827
1.7327096462249756,-1375,-823
1.7898976802825928,-1423,-824
1.8456335067749023,-1469,-825
1.9076454639434814,-1524,-826
1.9661366939544678,-1568,-828
2.0214412212371826,-1616,-825
2.0802600383758545,-1662,-825
2.138309955596924,-1710,-825
2.197162389755249,-1764,-828
2.253429412841797,-1808,-827
2.316075325012207,-1858,-824
2.3754115104675293,-1909,-824
2.4325597286224365,-1953,-825
2.4888811111450195,-2003,-824
2.544419050216675,-2048,-828
2.5986268520355225,-2091,-831
2.6634275913238525,-2145,-826
2.723494052886963,-2195,-823
2.7816219329833984,-2244,-824
2.8403561115264893,-2290,-826
2.8979814052581787,-2338,-826
2.9527554512023926,-2383,-829
3.0040488243103027,-2431,-829
3.069988965988159,-2481,-832
3.126131057739258,-2528,-828
3.1808087825775146,-2576,-826
3.241225242614746,-2625,-830
3.308408260345459,-2678,-826
3.3631036281585693,-2728,-830
3.428043842315674,-2778,-828
3.4828553199768066,-2826,-829
3.5424838066101074,-2872,-828
3.5994155406951904,-2922,-828
3.655895948410034,-2967,-828
3.7134578227996826,-3018,-829
3.771080255508423,-3064,-831
3.8298895359039307,-3111,-827
3.8941245079040527,-3164,-826
3.949340343475342,-3212,-827
4.007455348968506,-3258,-826
4.062920331954956,-3306,-824
4.117439031600952,-3350,-828
4.173985719680786,-3395,-828
4.232768297195435,-3440,-668
4.293362379074097,-3466,-264
4.3489155769348145,-3458,280
4.406680583953857,-3427,654
4.461343288421631,-3384,775
4.518165588378906,-3340,818
4.570348262786865,-3297,837
4.627986907958984,-3248,848
4.694015264511108,-3192,847
4.749554395675659,-3144,791
4.812220335006714,-3101,662
4.86864709854126,-3068,552
4.926044464111328,-3036,489
4.984974145889282,-3009,498
5.042357683181763,-2980,550
5.108023643493652,-2941,601
5.163015127182007,-2906,633
5.2185399532318115,-2871,634
5.2780022621154785,-2834,625
5.3308422565460205,-2799,619
5.392754793167114,-2764,603
5.452981948852539,-2727,591
5.512591361999512,-2693,586
5.567600727081299,-2658,587
5.624622583389282,-2626,592
5.681560754776001,-2590,593
5.737504720687866,-2558,603
5.794042587280273,-2522,610
5.85180926322937,-2490,609
5.910405874252319,-2454,597
5.966369867324829,-2421,593
6.023807048797607,-2387,599
6.0792014598846436,-2352,602
6.141280174255371,-2314,607
6.203354120254517,-2277,593
6.26250433921814,-2244,590
6.323495388031006,-2206,593
6.387634515762329,-2168,607
6.4434638023376465,-2132,609
6.501319408416748,-2098,609
6.55631422996521,-2063,601
6.6133198738098145,-2031,603
6.678793430328369,-1994,599
6.7359325885772705,-1959,586
6.793238878250122,-1923,583
6.851284503936768,-1890,599
6.909105539321899,-1855,614
6.968493938446045,-1820,619
7.023157119750977,-1783,617
7.089989423751831,-1745,601
7.147848129272461,-1711,596
7.198763370513916,-1678,587
7.256657838821411,-1647,593
7.313973903656006,-1613,599
7.370994806289673,-1577,595
7.4273974895477295,-1543,605
7.492237567901611,-1506,606
7.547991752624512,-1472,605
7.602436542510986,-1439,599
7.653931379318237,-1404,595
7.713038444519043,-1372,595
7.770140886306763,-1339,595
7.82636570930481,-1306,600
7.892778158187866,-1264,595
7.952282190322876,-1230,597
8.009321689605713,-1194,597
8.064650297164917,-1160,603
8.117369890213013,-1128,597
8.178295850753784,-1094,602
8.235074043273926,-1058,605
8.301649808883667,-1018,598
8.362536191940308,-984,589
8.414507865905762,-950,593
8.471493244171143,-916,608
8.530503749847412,-883,612
8.58554220199585,-848,609
8.639346361160278,-815,602
8.701280117034912,-778,597
8.756187677383423,-747,598
8.815003871917725,-711,601
8.874480247497559,-674,600
8.930589437484741,-638,591
8.991930484771729,-606,585
9.044423341751099,-573,592
9.128987550735474,-523,603
9.24791169166565,-454,586
9.381606340408325,-373,599
9.442523956298828,-338,609
9.501200914382935,-300,627
9.557254791259766,-265,620
9.615045070648193,-230,607
9.670290470123291,-198,597
9.723523616790771,-164,591
9.785091400146484,-128,600
9.839304447174072,-95,602
9.901919603347778,-59,604
9.961098432540894,-22,592
10.020825862884521,14,594
