0.07379579544067383,8,302
0.13598394393920898,45,698
0.21883344650268555,108,811
0.29227566719055176,166,838
0.3731043338775635,235,851
0.4020102024078369,259,851
0.43167614936828613,284,850
0.4601593017578125,308,851
0.4943408966064453,339,853
0.5229096412658691,363,854
0.5684816837310791,400,849
0.6290686130523682,455,811
0.6882755756378174,497,757
0.745389461517334,538,700
0.801161527633667,578,645
0.8602697849273682,612,596
0.9253380298614502,650,569
0.9842333793640137,686,569
1.0779845714569092,738,587
1.1772494316101074,797,598
1.2367825508117676,834,603
1.2989556789398193,870,599
1.3533473014831543,904,602
1.411630392074585,938,594
1.4721002578735352,973,595
1.5298373699188232,1008,591
1.5900516510009766,1043,591
1.6489791870117188,1080,601
1.7142753601074219,1119,609
1.7702584266662598,1152,609
1.8316020965576172,1189,600
1.8856160640716553,1222,599
1.9402527809143066,1254,599
1.9986836910247803,1290,604
2.0531768798828125,1324,597
2.113077402114868,1360,588
2.16872239112854,1392,593
2.224386215209961,1426,599
2.281093120574951,1460,605
2.3391220569610596,1495,597
2.407817840576172,1534,601
2.459256410598755,1568,606
2.526989221572876,1607,609
2.5856969356536865,1642,600
2.6430485248565674,1679,595
2.7043375968933105,1714,597
2.758906126022339,1747,601
2.8176217079162598,1781,600
2.876703977584839,1818,604
2.9368674755096436,1856,601
2.9992318153381348,1892,599
3.0578792095184326,1926,596
3.1111369132995605,1959,598
3.1733736991882324,1996,596
3.2341177463531494,2032,600
3.2927653789520264,2068,598
3.3519997596740723,2102,603
3.408792495727539,2138,603
3.4632959365844727,2172,599
3.5233943462371826,2205,603
3.5802087783813477,2239,599
3.6421799659729004,2276,598
3.7020885944366455,2312,598
3.7566840648651123,2348,597
3.81435489654541,2381,602
3.870171546936035,2412,601
3.9292545318603516,2448,597
3.991377592086792,2486,591
4.055990219116211,2523,587
4.118499755859375,2559,596
4.173229217529297,2595,599
4.232673645019531,2629,605
4.288621664047241,2662,603
4.351002931594849,2703,604
4.410268306732178,2736,603
4.467161417007446,2772,608
4.526913404464722,2808,606
4.5872578620910645,2843,603
4.644080638885498,2878,599
4.705656290054321,2914,597
4.763229131698608,2950,598
4.8231096267700195,2987,597
4.886465787887573,3022,601
4.940901756286621,3056,602
5.000304698944092,3090,605
5.058591842651367,3125,599
5.1169047355651855,3162,602
5.179210901260376,3200,599
5.235708713531494,3232,599
5.294093370437622,3268,596
5.35022759437561,3300,599
5.406929969787598,3336,599
5.465789079666138,3370,595
5.520962476730347,3404,600
5.58309268951416,3440,597
5.641686677932739,3478,600
5.706512689590454,3516,602
5.763695478439331,3549,605
5.821642875671387,3583,601
5.878198146820068,3617,603
5.933687925338745,3651,601
5.9906065464019775,3686,600
6.048793315887451,3720,598
6.112230539321899,3757,599
6.217074394226074,3825,602
6.350911617279053,3904,585
6.452656030654907,3960,578
6.518200159072876,3997,593
6.573731899261475,4031,603
6.629693269729614,4065,615
6.6857380867004395,4100,619
6.745698928833008,4137,616
6.807787895202637,4175,612
6.863273859024048,4211,606
6.924049377441406,4248,603
6.980144500732422,4279,595
7.040074110031128,4314,592
7.095897912979126,4347,592
7.159087181091309,4386,604
7.21487832069397,4422,604
7.27532434463501,4456,605
7.338649034500122,4496,603
7.403059482574463,4534,605
7.460231304168701,4567,598
7.519623279571533,4603,598
7.57567286491394,4636,592
7.633195638656616,4672,598
7.69818377494812,4710,596
7.7573699951171875,4745,599
7.813677787780762,4778,595
7.87059760093689,4813,595
7.929748773574829,4847,594
7.985385894775391,4881,603
8.042552471160889,4916,609
8.107312440872192,4956,605
8.167147397994995,4991,595
8.223037958145142,5024,594
8.281119585037231,5060,595
8.34013056755066,5094,598
8.396912574768066,5130,603
8.454201459884644,5165,601
8.516063928604126,5201,602
8.57257628440857,5235,601
8.627063989639282,5268,599
8.686124324798584,5302,598
8.741101264953613,5336,595
8.800979614257812,5372,597
8.863783121109009,5409,597
8.926771640777588,5449,602
8.984107255935669,5484,602
9.043062448501587,5516,597
9.102493047714233,5551,597
9.16336703300476,5589,599
9.221129179000854,5625,603
9.279319763183594,5659,606
9.343931674957275,5698,596
9.400362253189087,5733,597
9.459699869155884,5766,594
9.515976190567017,5799,601
9.570323467254639,5832,602
9.630249500274658,5868,603
9.68794298171997,5902,599
9.745253324508667,5939,600
9.799107074737549,5971,604
9.85856556892395,6005,603
9.911742925643921,6038,603
9.967926025390625,6071,603
10.023080587387085,6108,603
