0.06942939758300781,3,31
0.09363770484924316,12,359
0.11877942085266113,25,529
0.14277195930480957,39,632
0.16789984703063965,57,700
0.1930234432220459,75,741
0.21846485137939453,95,768
0.242354154586792,114,788
0.26746678352355957,135,805
0.292156457901001,154,813
0.3217771053314209,179,818
0.34563112258911133,199,821
0.3711109161376953,219,825
0.3948392868041992,238,827
0.42090487480163574,260,826
0.44438934326171875,280,831
0.47028207778930664,301,833
0.4938337802886963,321,830
0.5183730125427246,343,829
0.5434410572052002,361,832
0.5761094093322754,393,832
0.6194946765899658,424,830
0.6624081134796143,464,833
0.7112271785736084,501,835
0.7517976760864258,537,833
0.7955448627471924,571,828
0.8409707546234131,609,827
0.8811073303222656,641,790
0.9216985702514648,672,681
0.9671950340270996,700,553
1.0098068714141846,719,416
1.0550878047943115,733,292
1.1010029315948486,743,185
1.1421873569488525,749,130
1.18623685836792,753,81
1.2303481101989746,757,72
1.272165060043335,759,75
1.3156638145446777,763,82
1.3602185249328613,767,91
1.4042010307312012,771,98
1.4490687847137451,776,115
1.4919612407684326,782,125
1.5411651134490967,788,136
1.580146074295044,794,146
1.6222739219665527,800,156
1.666719913482666,807,164
1.710892915725708,815,167
1.7494614124298096,821,170
1.7943191528320312,829,173
1.8410370349884033,837,179
1.881941556930542,845,183
1.9262561798095703,854,190
1.9749648571014404,863,199
2.015580892562866,872,206
2.0589699745178223,880,207
2.0999765396118164,889,214
2.142223596572876,899,220
2.186267137527466,909,224
2.231288194656372,918,235
2.2750747203826904,929,239
2.3215508460998535,940,247
2.366168260574341,952,250
2.4099104404449463,963,262
2.454066753387451,975,273
2.496272563934326,987,280
2.5415568351745605,999,283
2.5870742797851562,1013,286
2.6298420429229736,1025,291
2.675240993499756,1037,292
2.722064733505249,1052,293
2.7624318599700928,1065,306
2.8109941482543945,1079,309
2.847369432449341,1091,314
2.8899919986724854,1105,319
2.9351413249969482,1118,322
2.9789798259735107,1133,332
3.0226500034332275,1147,340
3.06396222114563,1163,346
3.111537218093872,1179,352
3.155179262161255,1193,354
3.2009031772613525,1210,362
3.239647626876831,1225,367
3.2840611934661865,1241,369
3.330141067504883,1259,382
3.372171401977539,1275,388
3.4156274795532227,1293,394
3.4595346450805664,1308,402
3.5020406246185303,1328,400
3.5513527393341064,1345,407
3.594058036804199,1363,413
3.6407699584960938,1383,417
3.682102680206299,1401,425
3.725635051727295,1420,424
3.7694857120513916,1437,433
3.81186580657959,1456,443
3.854449987411499,1477,449
3.9015698432922363,1496,454
3.945791482925415,1518,461
3.9896440505981445,1537,469
4.035174608230591,1558,470
4.077015399932861,1579,471
4.11723256111145,1599,479
4.163327932357788,1621,486
4.205703258514404,1642,489
4.250213623046875,1662,494
4.292180776596069,1683,501
4.337886810302734,1708,512
4.380205869674683,1731,516
4.429741144180298,1754,521
4.475207805633545,1777,528
4.517005920410156,1802,530
4.562051773071289,1825,533
4.6073009967803955,1850,540
4.651266574859619,1872,540
4.691792249679565,1896,543
4.740747928619385,1921,554
4.779958724975586,1944,564
4.822416305541992,1970,566
4.870851278305054,1995,569
4.913373708724976,2021,579
4.956252336502075,2047,586
5.001578330993652,2071,593
5.094082355499268,2129,594
5.1423468589782715,2156,597
5.187243938446045,2184,598
5.229799747467041,2209,610
5.272342920303345,2237,623
5.320959091186523,2264,633
5.359633445739746,2293,641
5.404009103775024,2319,647
5.448930025100708,2347,646
5.491889953613281,2375,654
5.540718078613281,2408,660
5.582136392593384,2436,664
5.626976728439331,2467,663
5.671140432357788,2493,669
5.71220064163208,2523,673
5.753970384597778,2551,680
5.80082368850708,2581,686
5.8417582511901855,2611,693
5.8868207931518555,2641,699
5.9321348667144775,2675,703
5.979922294616699,2707,706
6.024735927581787,2739,714
6.066324472427368,2770,721
6.11125373840332,2803,722
6.15409517288208,2833,729
6.198979616165161,2865,735
6.240451335906982,2897,734
6.284208059310913,2930,738
6.331973314285278,2965,745
6.375471830368042,2995,751
6.416198492050171,3029,765
6.460381031036377,3063,775
6.5040059089660645,3096,777
6.549527406692505,3130,785
6.59177827835083,3165,794
6.634133577346802,3203,804
6.68143367767334,3235,799
6.727118015289307,3274,802
6.765910863876343,3306,815
6.811187505722046,3340,821
6.85020899772644,3375,828
6.892134666442871,3410,824
6.937027454376221,3447,822
6.982317924499512,3484,829
7.028848648071289,3521,831
7.070861577987671,3555,832
7.112281084060669,3590,835
7.1571338176727295,3630,829
7.204849720001221,3667,833
7.249620199203491,3705,833
7.292020559310913,3740,835
7.335574150085449,3777,833
7.380669355392456,3814,832
7.424168348312378,3850,834
7.469627618789673,3889,834
7.513902902603149,3929,833
7.562920570373535,3965,830
7.607101678848267,4005,833
7.646173000335693,4037,831
7.690350532531738,4074,833
7.734252691268921,4109,833
7.779613733291626,4147,833
7.821832656860352,4184,832
7.865492105484009,4217,830
7.91094970703125,4255,834
7.952396392822266,4292,832
7.997326850891113,4329,830
8.03881573677063,4362,835
8.080408334732056,4399,830
8.124207019805908,4434,833
8.169898271560669,4472,832
8.212172985076904,4509,834
8.256350755691528,4545,836
8.300994634628296,4583,831
8.351910829544067,4623,832
8.392123222351074,4657,833
8.436951875686646,4695,833
8.475915670394897,4728,832
8.519920349121094,4765,835
8.565149307250977,4800,833
8.607151746749878,4839,836
8.648977518081665,4870,831
8.691294193267822,4905,833
8.736820697784424,4943,831
8.780404567718506,4980,835
8.822847604751587,5015,833
8.865636348724365,5053,834
8.910317659378052,5089,833
8.95177149772644,5123,832
8.995302677154541,5158,832
9.03616738319397,5195,834
9.082020044326782,5233,833
9.127458572387695,5270,836
9.171735048294067,5307,832
9.21531367301941,5342,832
9.258842945098877,5378,831
9.301734447479248,5415,833
9.347101926803589,5455,832
9.389066696166992,5487,836
9.435186862945557,5525,833
9.475605010986328,5561,834
9.515803337097168,5597,831
9.56475305557251,5633,833
9.608934164047241,5670,830
9.651521682739258,5705,832
9.693828105926514,5741,832
9.738330841064453,5778,834
9.781898260116577,5817,832
9.82631802558899,5855,832
9.86950969696045,5887,834
9.910972356796265,5922,833
9.955473899841309,5958,834
10.000659704208374,5997,833
