0.028527259826660156,3,86
0.07405710220336914,20,496
0.12301063537597656,52,679
0.16904449462890625,84,753
0.2130138874053955,118,786
0.2593214511871338,155,800
0.3009331226348877,191,810
0.3497476577758789,228,819
0.39414072036743164,264,815
0.43511319160461426,300,819
0.48015689849853516,334,817
0.5210750102996826,372,821
0.567772626876831,406,818
0.6090888977050781,442,822
0.651167631149292,477,819
0.7001447677612305,515,821
0.7404894828796387,548,816
0.7896406650543213,588,821
0.8312451839447021,623,818
0.8735616207122803,657,820
0.9261069297790527,702,819
0.9691312313079834,738,821
1.015911340713501,772,662
1.0572824478149414,784,195
1.1005804538726807,778,-137
1.143007516860962,758,-550
1.1911423206329346,726,-694
1.2405650615692139,694,-546
1.2900047302246094,682,-240
1.3340480327606201,692,359
1.3760943412780762,715,581
1.4179456233978271,740,572
1.4604160785675049,754,258
1.5028822422027588,752,-78
1.545069694519043,730,-514
1.5933070182800293,701,-683
1.6404492855072021,671,-565
1.685978889465332,662,-199
1.7327806949615479,675,399
1.7796359062194824,699,617
1.821990966796875,728,718
1.8628826141357422,758,596
1.9090092182159424,768,185
1.949199914932251,761,-274
1.9957046508789062,736,-574
2.0388834476470947,709,-694
2.0829763412475586,679,-549
2.1276986598968506,668,-178
2.171168565750122,677,273
2.2130651473999023,699,587
2.259979248046875,729,711
2.305133819580078,762,543
2.350677013397217,770,250
2.401115894317627,757,-394
2.4451608657836914,731,-613
2.4902937412261963,706,-662
2.5329833030700684,680,-431
2.5850908756256104,675,26
2.630207061767578,690,452
2.6706953048706055,714,632
2.7157671451568604,742,535
2.760061740875244,752,191
2.803211212158203,742,-364
2.8484582901000977,720,-592
2.892894983291626,693,-519
2.9346015453338623,684,-235
2.9788191318511963,694,323
3.020705461502075,716,594
3.070631980895996,746,527
3.116739511489868,755,37
3.1559576988220215,745,-299
3.2039849758148193,722,-597
3.244518756866455,696,-541
3.2863378524780273,686,-154
3.330833673477173,695,319
3.3846077919006348,724,624
3.430004835128784,751,529
3.471313238143921,759,186
3.515878677368164,749,-303
3.554807424545288,728,-583
3.6062769889831543,698,-557
3.6536197662353516,682,-189
3.6947832107543945,686,116
3.7409005165100098,706,524
3.7860515117645264,735,686
3.8299031257629395,763,576
3.870410203933716,774,45
3.913055419921875,764,-398
3.9661905765533447,738,-595
4.010836124420166,707,-706
4.056169271469116,676,-589
4.099873304367065,666,-247
4.140154123306274,672,273
4.200824022293091,707,628
4.280759572982788,759,522
4.332012891769409,778,260
4.381177663803101,774,-198
4.430052042007446,751,-554
4.471575736999512,724,-678
4.511031627655029,696,-560
4.556240081787109,684,-178
4.6029510498046875,694,312
4.6496782302856445,717,592
4.696004629135132,746,486
4.737985134124756,754,189
4.7812042236328125,745,-289
4.827334642410278,719,-592
4.87159538269043,696,-528
4.915574312210083,687,-184
4.958816051483154,698,327
5.010143756866455,725,625
5.050464153289795,750,546
5.092899560928345,760,182
5.1397929191589355,749,-350
5.17865252494812,728,-587
5.229787826538086,696,-630
5.268810510635376,678,-356
5.312831878662109,676,29
5.357632875442505,691,428
5.403990268707275,717,642
5.444492340087891,745,575
5.4879114627838135,755,234
5.5305938720703125,747,-294
5.57550048828125,724,-571
5.6221864223480225,695,-485
5.673136949539185,687,0
5.73015284538269,703,467
5.771313905715942,728,636
5.812849283218384,756,550
5.857762575149536,764,189
5.901581525802612,755,-326
5.942938566207886,734,-581
5.9884679317474365,704,-696
6.034016370773315,674,-554
6.074530839920044,662,-239
6.126064300537109,673,371
6.170289039611816,696,596
6.229139089584351,738,734
6.275909423828125,770,596
6.3159568309783936,780,243
6.356153249740601,775,-77
6.401844501495361,755,-535
6.447694301605225,726,-682
6.500503778457642,693,-476
6.544020891189575,685,-107
6.585171222686768,696,370
6.6292853355407715,719,593
6.674084901809692,745,479
6.7151875495910645,753,44
6.7606730461120605,741,-371
6.808446884155273,718,-600
6.850494623184204,692,-552
6.893555402755737,682,-190
6.93790864944458,690,289
6.98027491569519,713,575
7.024104833602905,738,554
7.0643720626831055,754,270
7.107603073120117,753,-81
7.148674964904785,737,-454
7.190541982650757,713,-658
7.237626314163208,681,-569
7.280785322189331,672,-192
7.335879564285278,684,369
7.376011848449707,708,607
7.420123338699341,735,710
7.4631569385528564,767,578
7.507820129394531,778,235
7.551307439804077,770,-259
7.5951573848724365,745,-595
7.646699905395508,716,-698
7.690475225448608,687,-574
7.731539487838745,676,-181
7.772711515426636,682,277
7.815194368362427,706,562
7.859301567077637,732,691
7.9009058475494385,760,563
7.942981958389282,770,239
7.9898459911346436,763,-276
8.033597707748413,742,-572
8.13482141494751,679,-433
8.190736293792725,666,-164
8.239750146865845,674,295
8.282135963439941,695,577
8.33036470413208,727,708
8.372809410095215,758,589
8.424184322357178,769,43
8.465055704116821,759,-306
8.510873317718506,736,-581
8.553714036941528,708,-694
8.595095872879028,680,-573
8.640013217926025,669,-165
8.681676149368286,675,262
8.723746538162231,695,561
8.768371105194092,724,695
8.815799713134766,755,546
8.852881669998169,765,174
8.898649215698242,756,-280
8.950867414474487,728,-596
8.99472951889038,699,-585
9.038480997085571,683,-337
9.081786870956421,683,53
9.127711534500122,702,489
9.173872709274292,729,670
9.222882747650146,761,447
9.270675420761108,767,0
9.315810203552246,752,-426
9.357214450836182,729,-615
9.400861024856567,700,-614
9.444318771362305,684,-271
9.48615550994873,685,48
9.530361652374268,702,495
9.57059645652771,728,661
9.625633716583252,761,488
9.66606879234314,769,177
9.71164870262146,759,-318
9.763168334960938,730,-623
9.809749603271484,701,-622
9.8521568775177,681,-345
9.895255088806152,681,25
9.939306735992432,698,464
9.985806941986084,723,654
10.028785943984985,750,522
