0.03470921516418457,2,20
0.08161282539367676,19,484
0.12265491485595703,44,661
0.1699979305267334,77,737
0.21321702003479004,111,780
0.2547018527984619,149,797
0.30110859870910645,182,809
0.3406980037689209,217,810
0.38874363899230957,253,819
0.43015456199645996,288,816
0.4736185073852539,322,819
0.5155165195465088,358,819
0.5540742874145508,391,817
0.6007866859436035,429,819
0.6491992473602295,467,821
0.6985297203063965,509,818
0.7428543567657471,547,819
0.7887239456176758,583,820
0.8353533744812012,619,824
0.8753030300140381,655,818
0.9199986457824707,689,823
0.9614663124084473,723,820
1.0080885887145996,760,671
1.0505247116088867,773,256
1.0957813262939453,767,-278
1.1387438774108887,746,-544
1.180652379989624,716,-693
1.2472476959228516,681,-353
1.290316104888916,680,85
1.335533618927002,698,474
1.379758596420288,722,656
1.4255554676055908,753,520
1.4693398475646973,761,233
1.519728422164917,748,-396
1.5604372024536133,724,-604
1.6026935577392578,695,-543
1.6482806205749512,686,-194
1.6930773258209229,694,292
1.7376041412353516,719,596
1.7863094806671143,746,482
1.8275558948516846,753,105
1.8686497211456299,743,-320
1.9101805686950684,722,-584
1.9552524089813232,695,-489
1.998058557510376,689,-113
2.041421890258789,699,362
2.0837562084198,721,601
2.127371072769165,748,533
2.169804573059082,757,44
2.2148377895355225,745,-378
2.2605156898498535,720,-601
2.3100228309631348,693,-474
2.352881908416748,685,-194
2.3984193801879883,699,391
2.445084810256958,723,610
2.487600326538086,749,535
2.5308568477630615,758,47
2.5800530910491943,747,-394
2.622612714767456,721,-617
2.668344497680664,694,-542
2.712533473968506,683,-245
2.7579128742218018,691,350
2.8015201091766357,716,595
2.844789743423462,743,520
2.8905839920043945,752,230
2.9346535205841064,742,-333
2.9826481342315674,717,-616
3.028179883956909,688,-540
3.071664810180664,680,-196
3.117579221725464,693,401
3.1693058013916016,718,617
3.2140450477600098,747,497
3.254816770553589,755,41
3.3006465435028076,744,-366
3.3503260612487793,718,-610
3.401707649230957,687,-546
3.445749044418335,677,-242
3.4880642890930176,687,357
3.53033185005188,709,589
3.5739755630493164,736,589
3.6148738861083984,755,291
3.6635262966156006,753,-180
3.708287000656128,732,-504
3.7524938583374023,706,-650
3.8017077445983887,675,-523
3.8458921909332275,667,-39
3.890364646911621,677,347
3.9416005611419678,705,640
3.9854648113250732,737,723
4.030553102493286,769,590
4.077509164810181,780,187
4.1183788776397705,771,-302
4.1651411056518555,748,-597
4.210846424102783,717,-707
4.254716873168945,684,-571
4.3008644580841064,675,-192
4.348617792129517,685,370
4.390513896942139,707,596
4.437382936477661,737,627
4.478835105895996,758,369
4.5223963260650635,759,-75
4.569375038146973,743,-460
4.610539436340332,716,-650
4.655641078948975,688,-549
4.699793100357056,679,-48
4.745219707489014,689,372
4.794718980789185,720,624
4.840111255645752,744,548
4.880442142486572,755,194
4.924488067626953,745,-300
4.9692542552948,722,-596
5.016320705413818,693,-498
5.0604026317596436,685,-182
5.1040589809417725,695,344
5.1472742557525635,717,592
5.192569255828857,745,486
5.234699726104736,753,239
5.281497240066528,743,-333
5.327170133590698,717,-594
5.369840383529663,692,-528
5.423225402832031,683,0
5.46381950378418,694,381
5.5072948932647705,718,609
5.549687147140503,744,540
5.60310173034668,753,-75
5.649854421615601,739,-417
5.690649747848511,713,-632
5.734745502471924,685,-549
5.779953956604004,677,-43
5.8262951374053955,688,353
5.868646621704102,710,604
5.910434007644653,737,607
5.95467734336853,758,344
5.998408794403076,757,-121
6.0408852100372314,740,-496
6.084722995758057,712,-646
6.133214950561523,684,-529
6.175584554672241,674,-194
6.219699144363403,681,278
6.260080814361572,701,562
6.301576137542725,731,694
6.344115257263184,759,586
6.398567199707031,770,35
6.440126895904541,757,-399
6.484272003173828,733,-605
6.528398752212524,705,-641
6.573277950286865,683,-371
6.621866226196289,679,67
6.664161443710327,695,457
6.704576730728149,718,634
6.750343561172485,748,541
6.793952941894531,757,199
6.83940863609314,748,-297
6.878582954406738,727,-583
6.922471284866333,700,-522
6.9654552936553955,689,-234
7.009663105010986,694,263
7.052435636520386,716,564
7.094403028488159,741,546
7.139776706695557,753,245
7.180776834487915,745,-353
7.234750032424927,720,-591
7.282232761383057,692,-491
7.325762987136841,684,-174
7.369897842407227,693,336
7.4192728996276855,719,613
7.46353006362915,746,484
7.50576639175415,755,106
7.544664621353149,746,-334
7.59008526802063,724,-586
7.633659601211548,697,-522
7.675615310668945,687,-161
7.715794563293457,695,258
7.759438991546631,715,553
7.802641868591309,741,465
7.849948167800903,753,228
7.893054962158203,747,-296
7.939374208450317,724,-553
7.979507923126221,701,-540
8.028649091720581,686,-168
8.070592641830444,694,287
8.11719298362732,715,568
8.161377906799316,741,529
8.209704399108887,751,232
8.250509262084961,741,-319
8.292733430862427,719,-587
8.337547063827515,693,-520
8.380122661590576,683,-240
8.425696611404419,693,305
8.46476697921753,714,588
8.510223627090454,741,563
8.554229974746704,754,183
8.600725650787354,746,-277
8.646279573440552,723,-577
8.698573350906372,694,-445
8.740415334701538,688,-105
8.784063816070557,699,358
8.827411890029907,721,596
8.870238304138184,747,525
8.912532329559326,755,49
8.958410024642944,743,-387
9.009199142456055,715,-631
9.057510375976562,685,-558
9.09886884689331,675,-240
9.140801906585693,682,280
9.185698747634888,706,572
9.24458360671997,746,723
9.29131031036377,777,594
9.335247278213501,789,198
9.379947185516357,781,-308
9.429887294769287,755,-599
9.47318983078003,726,-708
9.527446508407593,689,-562
9.568267107009888,675,-253
9.610315799713135,679,157
9.652546882629395,699,529
9.698445320129395,729,688
9.745185136795044,757,562
9.789184093475342,768,179
9.830652952194214,759,-290
9.875447273254395,737,-560
9.912558794021606,713,-684
9.957507610321045,684,-578
9.998419523239136,672,-191
