0.06219601631164551,4,186
0.10082030296325684,20,487
0.1249387264251709,34,593
0.14914941787719727,50,666
0.17403936386108398,67,720
0.1992788314819336,87,754
0.23432707786560059,116,786
0.27028775215148926,141,798
0.29663896560668945,162,806
0.3200507164001465,182,809
0.34696340560913086,205,812
0.3753833770751953,227,813
0.3999149799346924,247,813
0.425051212310791,268,817
0.4492952823638916,288,817
0.4739043712615967,307,819
0.49825358390808105,327,818
0.5220112800598145,347,818
0.5469164848327637,368,817
0.576408863067627,391,817
0.6122443675994873,422,817
0.6563718318939209,456,820
0.6959629058837891,489,817
0.7403249740600586,525,822
0.784771203994751,563,818
0.8264009952545166,596,819
0.8669192790985107,630,819
0.9124817848205566,669,820
0.9551470279693604,704,820
0.9969372749328613,736,730
1.042219877243042,762,466
1.0822553634643555,766,0
1.1252996921539307,753,-386
1.1724610328674316,725,-640
1.2174890041351318,698,-579
1.2594170570373535,684,-196
1.3021345138549805,690,144
1.3442368507385254,708,532
1.3914852142333984,738,544
1.4374568462371826,754,237
1.4825594425201416,750,-178
1.5240752696990967,731,-504
1.5719845294952393,703,-547
1.6166884899139404,686,-326
1.6742868423461914,692,359
1.7372779846191406,727,638
1.7961194515228271,763,533
1.8373124599456787,772,41
1.8830993175506592,761,-345
1.9255547523498535,739,-600
1.9750981330871582,705,-654
2.0170838832855225,681,-431
2.057553291320801,675,-37
2.104153633117676,686,383
2.147583246231079,712,630
2.1958961486816406,747,520
2.265002727508545,762,190
2.3084733486175537,752,-339
2.3619792461395264,724,-619
2.406179428100586,697,-569
2.4478862285614014,684,-242
2.490302801132202,689,252
2.5314784049987793,710,560
2.5765914916992188,735,571
2.620131254196167,752,274
2.6641736030578613,749,-85
2.707470417022705,731,-499
2.7522265911102295,704,-549
2.79647159576416,690,-276
2.8379523754119873,693,83
2.8792150020599365,713,517
2.925048589706421,738,541
2.9672224521636963,753,188
3.0106232166290283,750,-203
3.0613107681274414,725,-572
3.1073756217956543,699,-529
3.149223566055298,687,-199
3.1993229389190674,697,344
3.244771957397461,723,590
3.2879698276519775,747,499
3.3292324542999268,755,241
3.3742480278015137,746,-337
3.4174435138702393,723,-594
3.4593870639801025,696,-519
3.5046768188476562,686,-231
3.5483269691467285,695,334
3.5964529514312744,719,594
3.637268543243408,744,559
3.6804380416870117,755,243
3.7313365936279297,744,-354
3.7779765129089355,720,-605
3.8203184604644775,694,-540
3.861457586288452,683,-177
3.9069664478302,691,271
3.9507482051849365,713,590
3.9992480278015137,744,541
4.04154372215271,756,191
4.0869410037994385,749,-249
4.129430770874023,729,-573
4.175095558166504,701,-548
4.217548370361328,686,-190
4.266009330749512,690,138
4.305532693862915,709,553
4.350576400756836,734,564
4.397550344467163,753,251
4.4422290325164795,750,-87
4.488483428955078,731,-532
4.538840293884277,699,-579
4.583531379699707,682,-330
4.6241066455841064,682,53
4.664355039596558,697,461
4.705579042434692,723,624
4.749173879623413,747,493
4.797116041183472,756,0
4.842176198959351,742,-377
4.882417678833008,720,-599
4.929986000061035,693,-488
4.974075078964233,683,-46
5.020870208740234,694,364
5.062490463256836,716,588
5.107518672943115,744,518
5.151495933532715,755,195
5.200356721878052,746,-330
5.258788585662842,712,-635
5.30140495300293,684,-537
5.356750249862671,676,-36
5.399267911911011,688,361
5.445063591003418,712,615
5.487183570861816,739,576
5.53136944770813,755,278
5.582519769668579,749,-256
5.624231815338135,730,-567
5.669870376586914,703,-520
5.715311050415039,689,-234
5.759483337402344,696,278
5.802488803863525,717,549
5.850046396255493,743,491
5.896098852157593,754,106
5.935105323791504,745,-261
5.97944188117981,723,-593
6.026419162750244,695,-543
6.0679473876953125,683,-235
6.107573509216309,691,281
6.163968086242676,719,595
6.2073493003845215,747,539
6.268622398376465,756,-39
6.32998514175415,733,-540
6.383993625640869,699,-563
6.427264928817749,683,-285
6.472195148468018,685,106
6.512514591217041,703,489
6.5554749965667725,728,606
6.602151870727539,751,395
6.647212266921997,753,-38
6.689073324203491,739,-430
6.745333671569824,705,-615
6.797359943389893,677,-434
6.84055495262146,672,40
6.884101867675781,685,380
6.924968004226685,708,619
6.975295782089233,742,633
7.022990942001343,761,275
7.065280437469482,759,-68
7.110275030136108,742,-503
7.150415897369385,717,-632
7.199087381362915,687,-482
7.24429988861084,679,-42
7.287355661392212,691,397
7.337266683578491,720,634
7.386069059371948,748,543
7.426687240600586,758,196
7.467409610748291,751,-297
7.512201309204102,729,-560
7.556039094924927,704,-574
7.599207639694214,687,-275
7.644594430923462,690,197
7.6892030239105225,710,531
7.744352340698242,741,483
7.795613050460815,756,228
7.842090129852295,748,-284
7.881847143173218,727,-553
7.926431179046631,703,-562
7.966486692428589,687,-245
8.012397527694702,689,174
8.055139303207397,709,499
8.0992112159729,732,568
8.14404582977295,751,338
8.187467813491821,750,-87
8.23236632347107,732,-498
8.276335716247559,708,-544
8.317503213882446,691,-281
8.362417936325073,693,172
8.40912938117981,712,536
8.452574014663696,739,550
8.496387004852295,751,238
8.53548288345337,748,-114
8.585297346115112,726,-551
8.627104997634888,699,-494
8.67225456237793,687,-233
8.711429119110107,693,138
8.757053136825562,715,560
8.80553412437439,743,568
8.847125053405762,757,277
8.89136791229248,753,-77
8.937111139297485,734,-550
8.98077917098999,706,-570
9.024904012680054,688,-368
9.067052125930786,687,78
9.109160661697388,701,457
9.152986764907837,726,585
9.199366569519043,751,392
9.24424934387207,755,0
9.28695821762085,741,-438
9.331079006195068,716,-593
9.376362085342407,692,-477
9.426997184753418,685,0
9.472228527069092,699,404
9.510711431503296,720,609
9.555306196212769,747,533
9.600477933883667,756,196
9.641335248947144,745,-370
9.68727970123291,722,-590
9.732420921325684,694,-546
9.773958921432495,683,-252
9.814905881881714,688,151
9.857369422912598,707,517
9.897096872329712,731,570
9.940805435180664,751,347
9.98998212814331,749,-188
