0.029114484786987305,3,18
0.07384133338928223,19,531
0.11615204811096191,48,679
0.16049838066101074,80,765
0.20087218284606934,115,805
0.24514532089233398,151,821
0.2887306213378906,185,832
0.3301084041595459,221,837
0.3710141181945801,254,843
0.4170846939086914,293,841
0.45893001556396484,330,844
0.509028434753418,366,647
0.5509905815124512,379,251
0.5945007801055908,373,-255
0.6377437114715576,354,-554
0.6802999973297119,326,-690
0.7228262424468994,294,-752
0.7660191059112549,260,-782
0.8049511909484863,227,-798
0.8490521907806396,193,-807
0.8995761871337891,154,-812
0.9409530162811279,119,-817
0.9809424877166748,88,-673
1.0244004726409912,75,-181
1.0676677227020264,79,141
1.1106483936309814,101,546
1.1529781818389893,129,708
1.1950528621673584,161,777
1.2385601997375488,194,806
1.2857391834259033,234,824
1.325195550918579,269,831
1.3717448711395264,304,838
1.4171500205993652,339,630
1.4604403972625732,350,159
1.5048682689666748,341,-280
1.5498011112213135,318,-594
1.588557243347168,291,-705
1.6317620277404785,260,-757
1.6758224964141846,224,-790
1.7214891910552979,189,-802
1.7627344131469727,153,-813
1.807771921157837,122,-637
1.848801612854004,108,-243
1.891547679901123,113,149
1.9340848922729492,133,571
1.9757616519927979,162,701
2.0143752098083496,193,769
2.054910659790039,224,802
2.1010937690734863,262,823
2.1444079875946045,299,830
2.187897205352783,332,838
2.231553077697754,369,843
2.273968458175659,401,657
2.3131191730499268,415,244
2.3558731079101562,409,-228
2.3996129035949707,389,-550
2.4359679222106934,363,-685
2.4761948585510254,334,-746
2.5212180614471436,298,-786
2.565955877304077,263,-802
2.6049437522888184,232,-805
2.6483144760131836,200,-814
2.6936206817626953,162,-817
2.7348694801330566,130,-618
2.778797149658203,117,-239
2.819612503051758,123,262
2.8610596656799316,145,576
2.9101266860961914,175,718
2.9500160217285156,205,783
2.990293502807617,237,808
3.031034231185913,275,827
3.074023485183716,307,837
3.115711212158203,345,837
3.1558945178985596,377,842
3.1946818828582764,411,843
3.240624189376831,444,652
3.282667636871338,457,188
3.331855535507202,449,-297
3.3729329109191895,427,-588
3.417440176010132,398,-708
3.454557418823242,369,-758
3.498385429382324,336,-787
3.540360927581787,304,-798
3.5838418006896973,267,-812
3.6229476928710938,235,-810
3.665031909942627,202,-651
3.7130889892578125,189,-181
3.756009817123413,197,267
3.8003990650177,217,575
3.8420586585998535,248,721
3.88444185256958,282,784
3.9328441619873047,319,817
3.977595567703247,354,832
4.0214855670928955,391,837
4.062391519546509,423,637
4.11139988899231,438,193
4.150922775268555,430,-269
4.197041273117065,407,-590
4.234155178070068,379,-697
4.278387069702148,349,-760
4.320995569229126,317,-786
4.3608925342559814,283,-799
4.405649900436401,249,-808
4.449638843536377,213,-812
4.489023208618164,178,-815
4.532914638519287,146,-649
4.574976921081543,132,-190
4.6191112995147705,136,109
4.661174774169922,157,561
4.709877014160156,187,711
4.749819278717041,217,773
4.7902586460113525,249,804
4.832909822463989,287,826
4.880350589752197,323,834
4.9230265617370605,362,840
4.964395761489868,397,842
5.005939722061157,429,634
5.050522327423096,442,179
5.092937231063843,437,-230
5.137817144393921,416,-561
5.180905103683472,385,-696
5.222947120666504,355,-756
5.2676520347595215,321,-786
5.311800479888916,283,-804
5.35493016242981,247,-810
5.401026725769043,213,-814
5.441070556640625,179,-815
5.50405216217041,136,-526
5.545548677444458,127,-248
5.584851264953613,136,279
5.630619764328003,159,593
5.673182725906372,189,730
5.721620321273804,225,794
5.7608642578125,259,817
5.804301738739014,292,825
5.844907522201538,329,840
5.890254259109497,360,644
5.930669546127319,374,239
5.971062660217285,369,-245
6.015122413635254,349,-550
6.058921575546265,320,-687
6.1008241176605225,291,-751
6.143026828765869,257,-782
6.187887907028198,224,-799
6.229727506637573,190,-806
6.2706499099731445,156,-815
6.313962697982788,125,-622
6.35441780090332,111,-242
6.399456977844238,116,198
6.43839955329895,135,559
6.4804847240448,163,713
6.528561592102051,199,780
6.567206144332886,231,811
6.610077857971191,264,827
6.651638507843018,299,835
6.693928956985474,335,843
6.731111526489258,373,846
6.7761945724487305,403,679
6.820710897445679,416,250
6.861036539077759,411,-206
6.9046471118927,389,-574
6.948850870132446,359,-698
6.994013071060181,328,-755
7.031122207641602,295,-785
7.074978828430176,261,-799
7.119999408721924,228,-811
7.161609649658203,194,-814
7.2039406299591064,160,-811
7.243027210235596,129,-623
7.285082817077637,117,-172
7.332671880722046,125,250
7.376042366027832,146,589
7.419720411300659,175,718
7.45822811126709,205,780
7.498587608337402,240,810
7.539679288864136,271,825
7.578328847885132,303,835
7.619044780731201,340,841
7.662832975387573,375,846
7.709146738052368,410,640
7.750555515289307,422,183
7.7955482006073,415,-264
7.837634563446045,395,-571
7.877734899520874,368,-697
7.922407150268555,333,-757
7.96360445022583,303,-785
8.004287242889404,271,-800
8.04469919204712,236,-807
8.089693784713745,205,-655
8.130587339401245,191,-259
8.173924684524536,197,201
8.218680143356323,218,550
8.259068965911865,245,701
8.300990343093872,275,773
8.340826988220215,309,806
8.385458946228027,343,823
8.425074815750122,379,835
8.468745946884155,415,839
8.511894941329956,452,841
8.55713939666748,485,649
8.600340843200684,498,183
8.640782356262207,493,-147
8.684109210968018,474,-547
8.72483515739441,445,-691
8.76491117477417,416,-753
8.809822082519531,383,-782
8.850422859191895,352,-797
8.892324924468994,318,-807
8.945033311843872,271,-816
8.988670349121094,237,-816
9.030232191085815,208,-671
9.070117235183716,193,-257
9.109008073806763,195,76
9.150983095169067,213,499
9.195502281188965,239,680
9.239667177200317,272,767
9.275968790054321,303,803
9.317717552185059,337,822
9.360762596130371,372,833
9.40114164352417,407,843
9.44429326057434,441,848
9.48607087135315,480,846
9.524385452270508,509,678
9.566107034683228,523,270
9.610287189483643,519,-145
9.6521475315094,500,-558
9.69564962387085,472,-688
9.742374181747437,435,-755
9.783989191055298,405,-784
9.825594663619995,372,-800
9.868994235992432,333,-807
9.915600061416626,302,-659
9.957602500915527,287,-258
9.994845867156982,291,166
