0.051718950271606445,3,143
0.08996057510375977,19,488
0.13268780708312988,46,671
0.15477800369262695,62,723
0.1744673252105713,77,759
0.19502735137939453,92,781
0.21474194526672363,108,795
0.23462295532226562,124,808
0.25508928298950195,141,816
0.27478551864624023,157,826
0.29881739616394043,177,831
0.31850624084472656,194,838
0.3384416103363037,211,836
0.35916852951049805,228,837
0.3789379596710205,244,841
0.3997972011566162,263,840
0.41944336891174316,278,839
0.4391176700592041,295,843
0.4599757194519043,314,845
0.47968459129333496,329,843
0.5101072788238525,356,846
0.5495586395263672,388,847
0.5847036838531494,420,846
0.627094030380249,456,849
0.667027473449707,488,845
0.7129783630371094,528,847
0.7483842372894287,559,846
0.7868578433990479,591,848
0.8270447254180908,628,847
0.8667159080505371,659,847
0.9135935306549072,696,849
0.9470546245574951,727,848
0.9879655838012695,759,845
1.0244975090026855,791,849
1.0630977153778076,825,850
1.1028826236724854,859,848
1.1429665088653564,893,849
1.1837358474731445,925,843
1.2228925228118896,959,850
1.2594971656799316,992,849
1.2959649562835693,1024,847
1.3351643085479736,1058,847
1.378032922744751,1090,846
1.4174621105194092,1124,852
1.4541122913360596,1154,850
1.4980638027191162,1192,848
1.5367863178253174,1228,851
1.577610731124878,1260,847
1.6162030696868896,1288,644
1.6546342372894287,1301,243
1.6967582702636719,1296,-249
1.7369418144226074,1278,-535
1.7794036865234375,1251,-683
1.8167071342468262,1220,-746
1.8551905155181885,1191,-778
1.9006297588348389,1158,-798
1.9434864521026611,1124,-808
1.9819183349609375,1091,-814
2.0216612815856934,1058,-817
2.0568363666534424,1029,-818
2.0971148014068604,996,-820
2.137007474899292,964,-818
2.1770360469818115,932,-820
2.214779853820801,901,-819
2.2547125816345215,865,-815
2.300117254257202,831,-822
2.3400015830993652,796,-815
2.378693103790283,765,-817
2.4155220985412598,738,-820
2.44909405708313,710,-821
2.492609739303589,672,-820
2.5291497707366943,642,-821
2.5669972896575928,611,-821
2.6097042560577393,575,-820
2.6474554538726807,547,-819
2.689492702484131,513,-820
2.7295897006988525,480,-818
2.766038417816162,450,-821
2.8046882152557373,416,-820
2.8383970260620117,390,-817
2.880000114440918,354,-819
2.9168803691864014,324,-820
2.9580142498016357,293,-818
2.994945526123047,260,-819
3.034602165222168,227,-824
3.0728936195373535,196,-823
3.114595651626587,163,-824
3.1547799110412598,128,-821
3.194411516189575,102,-619
3.2341179847717285,90,-199
3.273888111114502,94,138
3.312572479248047,114,520
3.348381996154785,137,683
3.385183095932007,165,765
3.426790237426758,197,799
3.465061664581299,230,819
3.508805990219116,264,834
3.5514729022979736,298,839
3.587966203689575,328,840
3.6251633167266846,363,846
3.6647424697875977,394,843
3.7236618995666504,443,845
3.784677028656006,500,848
3.8618719577789307,563,846
3.9599642753601074,645,850
4.004342317581177,680,844
4.0456860065460205,716,845
4.084256887435913,748,846
4.124489784240723,784,847
4.164876937866211,818,847
4.201913356781006,850,848
4.240059852600098,884,846
4.278693675994873,916,848
4.325408697128296,954,848
4.363049268722534,986,847
4.40357518196106,1020,844
4.443191051483154,1054,847
4.4817283153533936,1088,846
4.519613027572632,1118,846
4.55502462387085,1150,849
4.596665620803833,1186,847
4.6361119747161865,1220,847
4.6751708984375,1254,846
4.721468210220337,1291,846
4.759756803512573,1319,680
4.796777963638306,1332,243
4.8348472118377686,1329,-59
4.876074552536011,1314,-496
4.9263083934783936,1280,-691
4.964634418487549,1253,-751
5.003118515014648,1224,-781
5.043469667434692,1189,-799
5.081789016723633,1160,-807
5.124386787414551,1127,-811
5.16167950630188,1095,-815
5.196931838989258,1062,-817
5.239671230316162,1033,-813
5.274360656738281,1005,-818
5.314763784408569,969,-816
5.356751441955566,936,-817
5.396846771240234,904,-817
5.436757802963257,871,-816
5.474552392959595,840,-815
5.516946315765381,804,-817
5.5575666427612305,773,-814
5.595987558364868,742,-814
5.63409161567688,711,-816
5.668399095535278,682,-817
5.712542533874512,646,-812
5.7525856494903564,612,-818
5.788587808609009,582,-816
5.826831817626953,553,-817
5.869421482086182,518,-821
5.91452169418335,481,-819
5.955110788345337,446,-818
5.995986223220825,412,-821
6.035802602767944,379,-821
6.076069116592407,349,-822
6.11437726020813,318,-819
6.154784917831421,282,-820
6.195495367050171,251,-820
6.23398756980896,220,-819
6.274124383926392,187,-818
6.317847013473511,155,-582
6.357876777648926,144,-153
6.396069288253784,149,235
6.436683654785156,168,557
6.476435661315918,196,699
6.514739036560059,225,767
6.553110361099243,255,802
6.592590093612671,286,822
6.633458852767944,320,833
6.6685991287231445,351,837
6.714714527130127,388,841
6.754517555236816,424,843
6.794077157974243,454,845
6.832645654678345,488,847
6.867002964019775,522,846
6.908332109451294,551,850
6.94599461555481,586,847
6.989908695220947,622,848
7.025061368942261,654,851
7.065149307250977,688,848
7.104753255844116,720,848
7.148127794265747,754,846
7.187591552734375,788,849
7.227067947387695,824,847
7.266808748245239,856,851
7.307628870010376,890,851
7.346663236618042,924,848
7.387919664382935,958,850
7.424911737442017,992,847
7.464426517486572,1023,848
7.505765914916992,1058,847
7.546196699142456,1092,848
7.5847601890563965,1126,846
7.625079393386841,1160,849
7.663151025772095,1194,849
7.703530550003052,1226,851
7.7451910972595215,1262,843
7.78316068649292,1296,850
7.827596664428711,1331,845
7.864794015884399,1365,849
7.899999141693115,1394,667
7.946874380111694,1408,174
7.9878106117248535,1404,-185
8.02414608001709,1388,-506
8.063999652862549,1363,-670
8.101522207260132,1334,-735
8.139528036117554,1306,-772
8.178224563598633,1276,-794
8.216907739639282,1242,-808
8.256928443908691,1210,-809
8.297942876815796,1179,-815
8.33834457397461,1147,-815
8.378152132034302,1114,-817
8.416734218597412,1080,-819
8.454780101776123,1047,-821
8.497852802276611,1016,-820
8.534478902816772,984,-819
8.574124097824097,954,-821
8.613181829452515,921,-821
8.651829957962036,888,-819
8.688363313674927,857,-819
8.733189582824707,822,-821
8.77230978012085,791,-820
8.81002688407898,758,-820
8.846044778823853,730,-822
8.88853406906128,694,-820
8.926897764205933,662,-821
8.967106819152832,626,-820
9.007015228271484,596,-819
9.046832084655762,565,-822
9.085814237594604,530,-818
9.131935358047485,494,-821
9.16894245147705,463,-820
9.209719181060791,430,-817
9.244704008102417,402,-821
9.28499722480774,370,-819
9.323441505432129,339,-818
9.360152006149292,308,-820
9.397195816040039,273,-821
9.436916589736938,244,-822
9.477940320968628,216,-589
9.514587163925171,204,-188
9.559781789779663,209,210
9.59511113166809,226,512
9.62998628616333,250,678
9.668946504592896,278,758
9.73567533493042,329,811
9.807125568389893,392,834
9.884086847305298,452,840
9.986422061920166,542,843
10.024939775466919,574,849
