0.06833958625793457,11,372
0.1127023696899414,38,634
0.15622758865356445,66,737
0.1982560157775879,98,784
0.23920726776123047,134,808
0.2824242115020752,164,633
0.32554006576538086,178,195
0.3680429458618164,173,-137
0.40981197357177734,154,-522
0.4494330883026123,126,-682
0.49546146392822266,94,-739
0.5423567295074463,63,-585
0.5844419002532959,50,-174
0.6244399547576904,56,195
0.6668813228607178,75,547
0.7088711261749268,102,697
0.7514457702636719,135,762
0.8023574352264404,168,545
0.8437328338623047,177,197
0.8845739364624023,168,-263
0.9370214939117432,140,-603
0.9784817695617676,114,-708
1.0289263725280762,77,-626
1.071155071258545,65,-176
1.1158347129821777,71,276
1.1534326076507568,93,549
1.2004237174987793,119,698
1.2413232326507568,148,561
1.2860519886016846,159,180
1.3358361721038818,146,-364
1.377204179763794,122,-597
1.423933506011963,92,-709
1.4660274982452393,62,-760
1.5083165168762207,32,-628
1.5500121116638184,19,-239
1.5911569595336914,24,263
1.633284568786621,45,547
1.677152156829834,74,695
1.728518009185791,108,624
1.7686889171600342,126,332
1.8123819828033447,128,-65
1.853430986404419,112,-430
1.8975706100463867,86,-656
1.9435465335845947,53,-726
1.9890341758728027,25,-569
2.0313901901245117,14,-167
2.0760860443115234,22,282
2.1213254928588867,48,601
2.166625738143921,76,717
2.208411693572998,105,591
2.248910665512085,118,169
2.2911739349365234,110,-298
2.338085412979126,88,-566
2.3768551349639893,62,-696
2.419438362121582,31,-750
2.461236000061035,0,-593
2.504556655883789,-11,-166
2.5525362491607666,-3,295
2.5932540893554688,21,589
2.63908052444458,48,711
2.6840388774871826,82,773
2.721273183822632,112,625
2.7672719955444336,123,195
2.81024169921875,116,-236
2.8525443077087402,97,-562
2.8927080631256104,69,-690
2.9401140213012695,37,-568
2.98289155960083,27,-183
3.023236036300659,33,245
3.068675994873047,52,560
3.111053466796875,82,699
3.1512482166290283,113,765
3.193248748779297,144,630
3.2385876178741455,155,165
3.2811713218688965,149,-271
3.328928232192993,125,-572
3.3712244033813477,94,-697
3.4161438941955566,68,-579
3.4599645137786865,57,-192
3.5011563301086426,64,282
3.5434887409210205,86,559
3.587531805038452,117,706
3.632786989212036,149,771
3.6761631965637207,178,619
3.720543146133423,190,251
3.7643208503723145,183,-281
3.804222822189331,163,-543
3.843194007873535,138,-681
3.8886494636535645,108,-743
3.9311773777008057,76,-566
3.975541353225708,65,-178
4.016668796539307,71,247
4.059549808502197,94,569
4.10266637802124,120,703
4.151432514190674,154,557
4.195526599884033,166,184
4.238285779953003,159,-274
4.277562618255615,139,-554
4.32113790512085,112,-688
4.36318564414978,80,-744
4.4085612297058105,50,-639
4.451091527938843,36,-191
4.492980480194092,43,254
4.541152000427246,65,574
4.587808609008789,96,715
4.628551483154297,123,568
4.669485330581665,134,234
4.711986541748047,128,-275
4.753350257873535,105,-562
4.797325849533081,78,-688
4.843799114227295,46,-748
4.883266925811768,17,-578
4.931292533874512,5,-195
4.976028680801392,13,277
5.018042325973511,34,573
5.057955741882324,61,699
5.097888946533203,91,764
5.14255166053772,122,583
5.1860034465789795,135,197
5.227397918701172,129,-297
5.269459962844849,107,-570
5.312597036361694,82,-681
5.358241081237793,51,-573
5.397065162658691,39,-195
5.438486099243164,44,104
5.479204416275024,63,504
5.522498846054077,88,689
5.565954685211182,121,762
5.603240728378296,152,622
5.648282527923584,162,175
5.688293695449829,158,-192
5.732158899307251,137,-542
5.774258613586426,108,-681
5.81604528427124,80,-740
5.852796316146851,52,-623
5.894186496734619,40,-232
5.936677932739258,43,117
5.980056285858154,62,511
6.0284295082092285,93,698
6.067251920700073,125,761
6.106715440750122,152,643
6.154070615768433,165,197
6.191236972808838,159,-270
6.23795747756958,138,-558
6.279202699661255,110,-691
6.321969270706177,82,-556
6.364176511764526,70,-237
6.4041242599487305,77,218
6.443088054656982,95,538
6.487992525100708,122,689
6.529385566711426,154,758
6.574535846710205,185,567
6.612864017486572,196,237
6.65726900100708,190,-259
6.698576211929321,171,-544
6.742219686508179,142,-691
6.782267808914185,113,-747
6.823449373245239,82,-623
6.866175651550293,71,-197
6.908811569213867,77,257
6.9566123485565186,99,572
6.998331308364868,127,702
7.038654565811157,156,761
7.083744287490845,188,588
7.122924089431763,199,194
7.168265342712402,193,-264
7.20812726020813,174,-536
7.246703624725342,149,-671
7.288801193237305,122,-561
7.331525564193726,112,-176
7.3761982917785645,119,310
7.418823719024658,141,589
7.4619362354278564,169,710
7.50629734992981,202,769
7.547484874725342,234,639
7.588886499404907,247,183
7.629517316818237,242,-143
7.6724231243133545,225,-523
7.714059114456177,197,-660
7.758507013320923,167,-736
7.801103115081787,136,-575
7.8428308963775635,124,-187
7.8878607749938965,130,228
7.928110122680664,149,543
7.9684836864471436,175,690
8.009124755859375,204,597
8.05410885810852,215,186
8.09400987625122,208,-242
8.140770435333252,183,-581
8.182734727859497,155,-697
8.226009130477905,126,-749
8.266535758972168,97,-632
8.307212352752686,83,-184
8.349047660827637,87,203
8.391887187957764,105,535
8.433388710021973,136,682
8.477925062179565,167,761
8.518887519836426,194,655
8.566224336624146,208,166
8.606746435165405,201,-244
8.652313947677612,180,-560
8.694476127624512,151,-684
8.734424352645874,125,-588
8.774170637130737,114,-189
8.817966222763062,120,267
8.856090784072876,137,525
8.900132656097412,170,697
8.949424505233765,204,773
8.992723226547241,236,643
9.037514448165894,248,234
9.078903913497925,241,-255
9.121352672576904,220,-553
9.166238784790039,193,-684
9.20744276046753,162,-748
9.24624252319336,134,-633
9.288368701934814,122,-196
9.3311185836792,128,214
9.379150629043579,150,558
9.421316146850586,178,702
9.468066692352295,207,535
9.50454831123352,217,193
9.547484636306763,210,-211
9.589438199996948,190,-551
9.635532855987549,162,-693
9.67835545539856,132,-745
9.717127323150635,102,-578
9.761407613754272,90,-230
9.807152271270752,97,241
9.847436904907227,116,565
9.888320446014404,143,697
9.928478240966797,172,763
9.969853401184082,202,634
10.00940990447998,215,199
