0.02921128273010254,2,44
0.07136034965515137,20,505
0.11581254005432129,49,670
0.15541529655456543,78,751
0.20091581344604492,112,792
0.24474263191223145,144,637
0.2880666255950928,156,188
0.3315854072570801,147,-294
0.3791656494140625,124,-571
0.4192953109741211,98,-693
0.46289539337158203,69,-561
0.5032596588134766,58,-246
0.550386905670166,66,275
0.5910453796386719,88,570
0.6361985206604004,113,499
0.6755270957946777,119,107
0.7263216972351074,105,-396
0.7663993835449219,81,-623
0.8113875389099121,52,-710
0.8513021469116211,25,-550
0.896263837814331,12,-183
0.9381067752838135,18,270
0.9803111553192139,38,548
1.020620584487915,61,456
1.0634515285491943,69,0
1.1062684059143066,57,-364
1.1534574031829834,29,-619
1.196303129196167,1,-709
1.23934006690979,-26,-591
1.2786731719970703,-36,-234
1.3213989734649658,-31,219
1.363300085067749,-12,544
1.4053075313568115,13,494
1.4507877826690674,20,191
1.4939641952514648,10,-347
1.5419502258300781,-16,-602
1.58310866355896,-46,-706
1.6248908042907715,-74,-572
1.668717384338379,-84,-183
1.7118911743164062,-78,293
1.7535805702209473,-54,567
1.7999966144561768,-29,597
1.8392179012298584,-10,378
1.8779752254486084,-8,0
1.9162051677703857,-21,-395
1.961031436920166,-44,-618
2.003089189529419,-70,-517
2.0506510734558105,-78,-187
2.091379404067993,-68,326
2.131286859512329,-47,577
2.1745705604553223,-20,709
2.215566635131836,12,594
2.2607388496398926,22,168
2.3005223274230957,18,-231
2.343480348587036,-4,-547
2.385483980178833,-32,-673
2.4310598373413086,-59,-574
2.4743690490722656,-70,-186
2.5164482593536377,-61,292
2.5605900287628174,-41,577
2.6023271083831787,-16,536
2.6431455612182617,-7,234
2.687497615814209,-18,-316
2.7362306118011475,-44,-609
2.775294065475464,-74,-698
2.821275234222412,-100,-563
2.866109848022461,-110,-234
2.90461802482605,-104,250
2.94626522064209,-82,561
2.9885764122009277,-58,478
3.0330588817596436,-49,39
3.074559450149536,-58,-343
3.114971160888672,-81,-579
3.1646902561187744,-112,-703
3.2033989429473877,-140,-582
3.2454586029052734,-152,-245
3.291073799133301,-145,283
3.333289623260498,-125,571
3.3782970905303955,-100,470
3.4207680225372314,-92,34
3.4631121158599854,-103,-353
3.5054426193237305,-127,-595
3.553349018096924,-161,-711
3.5980684757232666,-186,-574
3.642691135406494,-198,-189
3.685899257659912,-191,292
3.728668451309204,-170,590
3.7721822261810303,-144,533
3.813194513320923,-134,41
3.8552732467651367,-144,-295
3.899484634399414,-167,-598
3.945455312728882,-200,-702
3.9907426834106445,-226,-542
4.036379098892212,-238,-152
4.078200101852417,-231,273
4.118082046508789,-210,550
4.158676862716675,-188,529
4.199491739273071,-179,180
4.243901252746582,-187,-295
4.285356283187866,-209,-577
4.332342624664307,-239,-697
4.376269340515137,-269,-581
4.4182844161987305,-279,-195
4.458755970001221,-273,282
4.500881671905518,-254,555
4.543548822402954,-226,698
4.586456298828125,-196,565
4.626415729522705,-187,171
4.665371656417847,-194,-186
4.712096214294434,-214,-540
4.760385751724243,-241,-482
4.80307412147522,-248,-41
4.845105409622192,-236,360
4.889025688171387,-212,599
4.930362939834595,-186,718
4.971514701843262,-157,630
5.014810562133789,-144,170
5.063159942626953,-153,-282
5.108231544494629,-175,-582
5.153133869171143,-203,-484
5.197092056274414,-211,-105
5.235536575317383,-202,263
5.281269311904907,-180,581
5.321484565734863,-150,719
5.365326881408691,-121,584
5.411104202270508,-110,191
5.454357862472534,-118,-270
5.496983766555786,-142,-569
5.544357538223267,-166,-431
5.583464622497559,-173,-43
5.629576921463013,-163,329
5.670342206954956,-142,593
5.711820840835571,-113,703
5.750524520874023,-87,621
5.790837526321411,-74,248
5.83601450920105,-81,-250
5.8790442943573,-100,-557
5.921947717666626,-124,-476
5.965245485305786,-132,-243
6.0094850063323975,-120,380
6.051493883132935,-98,590
6.093132019042969,-68,717
6.138020038604736,-40,578
6.180276155471802,-28,184
6.221502304077148,-35,-261
6.26305079460144,-56,-550
6.303303003311157,-81,-681
6.350827217102051,-113,-521
6.396212577819824,-120,-178
6.434771537780762,-112,287
6.478098392486572,-92,566
6.518177270889282,-69,493
6.556508541107178,-60,236
6.603245258331299,-69,-316
6.648014068603516,-92,-588
6.690029859542847,-120,-692
6.7265496253967285,-148,-551
6.774657964706421,-157,-177
6.818178415298462,-150,282
6.8595130443573,-129,562
6.902143716812134,-103,613
6.943065166473389,-83,347
6.984731912612915,-82,-33
7.030259609222412,-96,-409
7.071437358856201,-121,-639
7.116178512573242,-148,-552
7.159549951553345,-157,-181
7.20332670211792,-148,301
7.24811577796936,-126,592
7.289048671722412,-97,710
7.334363222122192,-68,559
7.373433828353882,-57,107
7.418022394180298,-65,-285
7.463716506958008,-87,-587
7.504465341567993,-110,-477
7.550832033157349,-118,-43
7.591506242752075,-106,374
7.637472152709961,-83,604
7.6780970096588135,-55,720
7.7195143699646,-25,623
7.762951850891113,-13,182
7.804754018783569,-19,-199
7.84640097618103,-38,-541
7.88994288444519,-62,-479
7.92987585067749,-70,-155
7.976139545440674,-60,289
8.014596939086914,-42,575
8.060390949249268,-11,710
8.102740049362183,20,568
8.141177892684937,29,185
8.184661149978638,23,-279
8.225377559661865,1,-542
8.269325017929077,-27,-681
8.313280820846558,-54,-552
8.362915277481079,-64,-192
8.401480674743652,-55,301
8.444843769073486,-32,582
8.490301609039307,-8,492
8.531808853149414,0,103
8.57437014579773,-8,-302
8.6145498752594,-28,-564
8.657873392105103,-56,-686
8.698025941848755,-83,-571
8.742498636245728,-96,-187
8.784320831298828,-90,294
8.82530689239502,-67,552
8.870335578918457,-44,482
8.909260272979736,-36,105
8.95321774482727,-46,-376
8.994548559188843,-67,-587
9.035061359405518,-96,-695
9.076559782028198,-123,-582
9.120821237564087,-134,-233
9.164277791976929,-128,277
9.203425884246826,-106,543
9.247985601425171,-80,694
9.289345741271973,-50,588
9.33039927482605,-39,198
9.369494438171387,-44,-101
9.409493684768677,-62,-508
9.450858116149902,-88,-659
9.493348121643066,-117,-541
9.542400360107422,-126,-47
9.585818767547607,-117,277
9.626275300979614,-94,574
9.67062258720398,-70,486
9.711046934127808,-62,184
9.753339052200317,-72,-330
9.79799485206604,-94,-589
9.838761806488037,-122,-692
9.87944507598877,-149,-575
9.919390201568604,-160,-197
9.963359832763672,-154,283
10.008639574050903,-134,544
