0.031873226165771484,4,117
0.07701826095581055,23,494
0.11681437492370605,50,672
0.15948033332824707,77,756
0.20313715934753418,112,787
0.24205923080444336,143,620
0.2872767448425293,155,253
0.33178281784057617,148,-253
0.37715744972229004,127,-568
0.4163815975189209,102,-487
0.4614722728729248,95,-48
0.5004639625549316,105,321
0.542456865310669,126,595
0.586097002029419,152,497
0.6312739849090576,159,235
0.6712429523468018,150,-319
0.7152707576751709,128,-585
0.7563958168029785,100,-494
0.8014411926269531,93,-180
0.8420553207397461,102,297
0.8870849609375,124,577
0.9257962703704834,147,539
0.9688766002655029,155,234
1.0112190246582031,146,-329
1.0534682273864746,124,-596
1.1012380123138428,95,-543
1.1441946029663086,85,-46
1.1889488697052002,94,306
1.2300641536712646,118,581
1.2739391326904297,143,484
1.3198165893554688,151,195
1.3591201305389404,141,-276
1.3999171257019043,121,-588
1.442129373550415,95,-542
1.4842164516448975,87,-44
1.531743049621582,99,354
1.5762052536010742,124,611
1.6209702491760254,148,493
1.6601855754852295,156,186
1.7048790454864502,147,-343
1.7641453742980957,111,-654
1.8510591983795166,66,-244
1.9420866966247559,97,599
2.045207977294922,150,388
2.0902891159057617,152,-26
2.133692502975464,141,-236
2.177072763442993,145,190
2.216285467147827,165,511
2.2621660232543945,191,674
2.306788921356201,219,523
2.3520023822784424,228,41
2.395385503768921,219,-339
2.4388983249664307,197,-587
2.4799513816833496,170,-549
2.521483898162842,161,-197
2.565399646759033,169,273
2.6091251373291016,190,573
2.6518733501434326,216,542
2.69537615776062,224,38
2.744079351425171,211,-365
2.7839982509613037,188,-597
2.8307430744171143,162,-488
2.87180495262146,153,-177
2.9151699542999268,162,332
2.9569592475891113,185,568
2.998450994491577,209,478
3.040764808654785,217,178
3.0820324420928955,207,-330
3.1319243907928467,181,-599
3.1754586696624756,157,-497
3.215965509414673,147,-192
3.260164260864258,155,277
3.3042831420898438,176,588
3.347259044647217,207,704
3.389207601547241,233,595
3.4312386512756348,246,192
3.4704246520996094,240,-206
3.5118839740753174,219,-548
3.5614941120147705,195,-461
3.601956605911255,188,-36
3.6441309452056885,199,367
3.687220335006714,223,595
3.7300286293029785,247,495
3.775292158126831,257,38
3.8173794746398926,248,-264
3.855372667312622,230,-556
3.8971004486083984,205,-483
3.9428515434265137,197,-199
3.983821392059326,208,342
4.031063079833984,232,597
4.071152448654175,256,529
4.111395835876465,266,194
4.152051687240601,258,-313
4.194058656692505,238,-570
4.239485025405884,213,-519
4.281795978546143,204,-168
4.325041770935059,212,294
4.366196632385254,235,585
4.412414073944092,260,486
4.45469069480896,267,249
4.49714207649231,256,-344
4.541269302368164,234,-595
4.582702159881592,209,-523
4.625094413757324,200,-45
4.664259195327759,208,275
4.7090003490448,229,572
4.756077527999878,259,494
4.800223350524902,267,36
4.844173908233643,257,-372
4.888782739639282,234,-593
4.928859233856201,211,-526
4.971736192703247,201,-163
5.014099597930908,210,305
5.057424545288086,232,571
5.15019154548645,297,634
5.191286325454712,309,247
5.233770847320557,304,-140
5.274759769439697,291,-281
5.316274881362915,291,22
5.360305070877075,307,472
5.404029846191406,334,660
5.447216033935547,361,547
5.492135286331177,369,240
5.540290355682373,358,-353
5.582225799560547,335,-594
5.627223014831543,309,-475
5.670734405517578,301,-198
5.706351041793823,309,293
5.766260147094727,341,636
5.8422136306762695,385,290
5.94093656539917,367,-591
6.031173467636108,313,-452
6.069936275482178,307,-43
6.11004900932312,317,295
6.154212474822998,334,331
6.195786476135254,335,-66
6.237420320510864,320,-428
6.2817065715789795,296,-621
6.3287529945373535,268,-494
6.371362924575806,261,-198
6.411611557006836,269,355
6.45696496963501,293,585
6.494092702865601,316,532
6.538853406906128,325,194
6.581578731536865,316,-273
6.624820232391357,293,-581
6.667187929153442,267,-499
6.710817813873291,260,-182
6.75682520866394,272,360
6.801349401473999,294,605
6.842203378677368,321,521
6.887051105499268,330,185
6.92783260345459,323,-286
6.968902349472046,303,-558
7.006335020065308,279,-479
7.0514140129089355,271,-196
7.094180345535278,280,348
7.144188165664673,306,604
7.186201572418213,334,549
7.231712579727173,342,184
7.27232551574707,333,-339
7.319839239120483,309,-579
7.36091947555542,282,-691
7.3991615772247314,256,-599
7.4388861656188965,245,-236
7.478950023651123,247,170
7.517401695251465,265,522
7.5647056102752686,289,461
7.608772277832031,296,0
7.651565074920654,286,-355
7.692075729370117,263,-585
7.736184120178223,237,-467
7.781564474105835,230,-38
7.822415828704834,240,370
7.8652567863464355,261,593
7.906802654266357,287,533
7.951754808425903,296,194
7.995065927505493,287,-342
8.035276412963867,264,-592
8.078949213027954,239,-495
8.118852615356445,231,-185
8.157423496246338,238,204
8.201380491256714,256,539
8.241682291030884,280,538
8.285488843917847,289,40
8.33119511604309,279,-340
8.372106552124023,257,-572
8.414408445358276,231,-485
8.460233688354492,223,-234
8.502065420150757,233,330
8.546125650405884,257,593
8.592092990875244,282,490
8.635281085968018,290,40
8.676238298416138,279,-341
8.72161078453064,257,-595
8.765744686126709,227,-542
8.81015920639038,218,-165
8.852050065994263,225,269
8.896945238113403,248,559
8.935282230377197,269,498
8.975540161132812,279,197
9.017325639724731,271,-271
9.06006407737732,251,-546
9.102111101150513,223,-684
9.153462648391724,193,-479
9.194350481033325,185,-49
9.24152946472168,195,346
9.285202026367188,215,354
9.327237844467163,217,-40
9.371026992797852,203,-412
9.409536838531494,182,-611
9.449041843414307,153,-700
9.494992971420288,124,-564
9.541008949279785,112,-170
9.582821607589722,120,266
9.624133586883545,142,579
9.66628122329712,167,481
9.711220502853394,173,198
9.752660274505615,163,-312
9.794971466064453,142,-593
9.837124109268188,116,-517
9.87706208229065,108,-165
9.918837547302246,115,285
9.967294931411743,141,582
10.007238864898682,165,528
