0.026720523834228516,2,42
0.06923866271972656,14,351
0.10900998115539551,37,616
0.15131449699401855,66,732
0.19316363334655762,100,783
0.23703575134277344,134,814
0.2798926830291748,168,827
0.3240668773651123,206,831
0.3690645694732666,243,838
0.41246628761291504,278,839
0.4534127712249756,315,838
0.4981660842895508,351,840
0.536384105682373,383,839
0.5791902542114258,423,841
0.6225833892822266,455,841
0.668088436126709,494,839
0.7094228267669678,532,838
0.7551589012145996,568,840
0.8059267997741699,610,837
0.84261155128479,638,665
0.8846619129180908,653,254
0.9243495464324951,649,-146
0.968512773513794,630,-536
1.009108066558838,601,-683
1.0500497817993164,574,-743
1.0963151454925537,536,-782
1.1391682624816895,503,-794
1.1813721656799316,466,-802
1.2285966873168945,432,-810
1.2693307399749756,395,-814
1.3113183975219727,362,-814
1.3563933372497559,328,-814
1.3984508514404297,294,-816
1.4390344619750977,258,-814
1.484236478805542,222,-814
1.5246210098266602,188,-814
1.5663208961486816,154,-813
1.6090333461761475,124,-643
1.6513841152191162,111,-178
1.6933577060699463,116,249
1.7387654781341553,137,569
1.7800121307373047,165,698
1.822582483291626,196,774
1.8631670475006104,232,808
1.9112086296081543,269,824
1.9533581733703613,306,834
1.9976389408111572,342,835
2.0420191287994385,378,839
2.0860886573791504,414,840
2.123502731323242,452,839
2.1695544719696045,485,838
2.211411952972412,520,840
2.2530195713043213,557,838
2.2996110916137695,594,842
2.341033697128296,630,838
2.383375406265259,665,840
2.424607515335083,698,662
2.4701285362243652,710,259
2.513991117477417,704,-259
2.554605007171631,682,-557
2.5991551876068115,652,-699
2.644104242324829,620,-751
2.6867268085479736,589,-780
2.7320547103881836,552,-797
2.7826924324035645,512,-804
2.8235087394714355,474,-809
2.8680365085601807,443,-810
2.9124441146850586,407,-811
2.9529683589935303,370,-813
2.998257637023926,337,-813
3.037001609802246,305,-816
3.0744402408599854,274,-814
3.1225950717926025,236,-811
3.1661970615386963,200,-814
3.208622932434082,169,-651
3.2514469623565674,155,-188
3.296741008758545,161,299
3.3373770713806152,183,570
3.379582166671753,210,703
3.4210150241851807,244,775
3.4642889499664307,277,804
3.507457733154297,313,823
3.5501246452331543,347,833
3.5911684036254883,383,836
3.63811993598938,420,837
3.6763932704925537,452,841
3.717311143875122,489,837
3.761857032775879,524,837
3.8041229248046875,562,834
3.8460988998413086,594,841
3.88352108001709,630,835
3.931349515914917,671,838
3.976938247680664,701,590
4.020806550979614,714,159
4.061352252960205,706,-268
4.103440523147583,684,-588
4.148440599441528,658,-700
4.189520597457886,626,-751
4.23134446144104,594,-777
4.2744669914245605,558,-796
4.327029705047607,518,-799
4.367109298706055,484,-806
4.418205499649048,445,-806
4.458945274353027,411,-806
4.50124716758728,376,-807
4.544553518295288,340,-808
4.589151859283447,305,-810
4.632827520370483,269,-809
4.674523115158081,235,-809
4.7191081047058105,200,-809
4.763898849487305,167,-627
4.807023048400879,156,-192
4.851970911026001,163,291
4.893447637557983,187,589
4.938594102859497,214,719
4.979156494140625,246,777
5.0219199657440186,280,811
5.063475608825684,319,823
5.1092164516448975,354,839
5.151330471038818,390,839
5.1979005336761475,427,842
5.237015724182129,460,838
5.278862237930298,497,845
5.3220155239105225,531,843
5.368102788925171,570,844
5.408926486968994,605,843
5.454274654388428,644,846
5.4946205615997314,680,841
5.541431188583374,713,625
5.581408977508545,726,259
5.623529434204102,721,-184
5.668750047683716,702,-555
5.711316108703613,671,-694
5.7562336921691895,640,-754
5.800182580947876,606,-780
5.841222763061523,570,-789
5.882972478866577,538,-797
5.929070472717285,502,-802
5.974109172821045,466,-807
6.01127028465271,435,-807
6.05280876159668,402,-805
6.096148490905762,369,-809
6.13603401184082,335,-810
6.1774842739105225,300,-808
6.220286846160889,266,-812
6.265117406845093,231,-810
6.3095362186431885,194,-811
6.3503031730651855,166,-653
6.391982555389404,152,-258
6.4329469203948975,158,198
6.475849390029907,177,557
6.517472505569458,205,707
6.558966875076294,237,774
6.602899789810181,275,807
6.644131422042847,305,821
6.681466341018677,341,832
6.732257843017578,378,835
6.77348518371582,416,837
6.8187336921691895,450,839
6.858948230743408,486,838
6.902045488357544,521,846
6.9433722496032715,560,839
6.988927602767944,595,842
7.029098987579346,628,838
7.073519468307495,670,840
7.123991966247559,703,565
7.163513660430908,714,235
7.208545923233032,708,-279
7.248465299606323,688,-557
7.289447784423828,659,-692
7.334182262420654,627,-748
7.372814655303955,596,-772
7.413541316986084,562,-787
7.458546161651611,532,-793
7.499270915985107,498,-794
7.547181129455566,458,-802
7.588520526885986,428,-800
7.6286773681640625,396,-806
7.669524431228638,358,-804
7.712939739227295,324,-807
7.7561540603637695,290,-812
7.797220706939697,255,-807
7.842026472091675,223,-808
7.883446455001831,184,-807
7.9316370487213135,152,-550
7.978121280670166,142,-231
8.014653444290161,150,242
8.05758261680603,172,576
8.104166269302368,203,713
8.144309282302856,234,776
8.188128232955933,268,807
8.2290518283844,304,827
8.272289514541626,337,835
8.320500373840332,377,840
8.36124324798584,414,839
8.40270709991455,446,840
8.445544004440308,485,840
8.487648725509644,518,841
8.531168937683105,555,837
8.574104070663452,592,840
8.614463806152344,628,841
8.659192085266113,665,840
8.700117111206055,696,653
8.751243352890015,710,194
8.793380737304688,700,-358
8.83635926246643,679,-591
8.877475023269653,651,-707
8.918850898742676,621,-760
8.962324380874634,587,-784
9.001267671585083,556,-795
9.046196222305298,520,-797
9.088611602783203,487,-807
9.136152982711792,446,-805
9.18100094795227,409,-810
9.22341275215149,375,-807
9.26753544807434,341,-807
9.313977479934692,304,-804
9.359197854995728,267,-808
9.40618348121643,230,-807
9.44791316986084,196,-810
9.489641666412354,164,-667
9.538057565689087,150,-240
9.579030752182007,157,264
9.622260570526123,178,576
9.664165258407593,209,708
9.703024625778198,239,772
9.747267961502075,273,804
9.789054155349731,306,824
9.831096649169922,340,832
9.87631630897522,377,840
9.916079759597778,412,838
9.96298336982727,451,842
10.003469944000244,488,843
