0.02653360366821289,2,15
0.06879973411560059,19,493
0.11634302139282227,47,691
0.16140270233154297,82,766
0.20105338096618652,115,798
0.24677085876464844,150,820
0.28672170639038086,183,828
0.32949161529541016,218,834
0.3709428310394287,255,832
0.41388964653015137,288,836
0.4570918083190918,325,838
0.4998610019683838,357,598
0.5477685928344727,371,196
0.5887100696563721,363,-319
0.6317348480224609,339,-583
0.6688354015350342,315,-700
0.7156555652618408,282,-760
0.7537922859191895,253,-781
0.7951159477233887,218,-793
0.8379547595977783,186,-803
0.8798079490661621,152,-803
0.9236669540405273,115,-807
0.9620151519775391,86,-667
1.004669427871704,73,-256
1.0487866401672363,78,189
1.093177318572998,99,572
1.1360867023468018,127,702
1.1760153770446777,157,773
1.2158725261688232,189,804
1.2575602531433105,223,823
1.298902988433838,260,834
1.3587901592254639,308,838
1.400865077972412,341,597
1.444974422454834,355,198
1.4918899536132812,346,-297
1.5310001373291016,323,-579
1.5761418342590332,297,-703
1.6162843704223633,268,-758
1.658984899520874,234,-782
1.704329252243042,199,-796
1.7489330768585205,161,-804
1.793931007385254,127,-804
1.8346338272094727,95,-630
1.8794121742248535,81,-181
1.9205107688903809,87,247
1.9639194011688232,106,555
2.0074338912963867,135,697
2.047146797180176,169,778
2.0917043685913086,202,807
2.135014533996582,238,823
2.1771342754364014,271,832
2.2168407440185547,308,834
2.2596137523651123,340,839
2.3020033836364746,374,644
2.3403260707855225,385,257
2.3836967945098877,381,-180
2.4250636100769043,362,-530
2.4670348167419434,334,-687
2.514704942703247,299,-751
2.556469202041626,266,-777
2.5995829105377197,234,-794
2.6409928798675537,199,-801
2.686396598815918,165,-805
2.7267792224884033,132,-626
2.7704052925109863,119,-194
2.8149924278259277,126,215
2.8548264503479004,147,560
2.8987879753112793,175,704
2.946256399154663,209,775
2.9917116165161133,247,809
3.0311577320098877,282,824
3.075197696685791,317,833
3.1218440532684326,355,834
3.1591320037841797,391,841
3.2039296627044678,419,662
3.244525194168091,433,268
3.287482976913452,429,-207
3.3348052501678467,404,-566
3.3758034706115723,379,-698
3.4200496673583984,347,-749
3.4570400714874268,314,-776
3.501060962677002,279,-796
3.5466370582580566,246,-800
3.591860055923462,207,-809
3.6311161518096924,179,-617
3.6750757694244385,165,-199
3.723565101623535,173,258
3.766103982925415,193,573
3.8061208724975586,219,701
3.8495171070098877,252,776
3.8934860229492188,287,808
3.933694362640381,320,822
3.9777283668518066,357,829
4.019728422164917,392,834
4.06031060218811,425,838
4.104804039001465,460,671
4.1514270305633545,473,186
4.190951108932495,465,-268
4.234711647033691,444,-567
4.276515960693359,418,-696
4.319411993026733,387,-754
4.361011505126953,353,-782
4.407352924346924,318,-792
4.449807167053223,285,-802
4.491790294647217,247,-804
4.537895917892456,218,-577
4.578787326812744,206,-167
4.621033430099487,215,268
4.668069124221802,236,592
4.708730697631836,264,713
4.755902051925659,299,778
4.794853925704956,333,808
4.8367345333099365,369,824
4.87902307510376,404,828
4.926760911941528,442,833
4.970896005630493,475,636
5.015652179718018,488,186
5.0561134815216064,483,-228
5.100680589675903,461,-559
5.141985893249512,432,-692
5.186953783035278,401,-753
5.2271952629089355,368,-783
5.270364761352539,333,-797
5.313149452209473,301,-803
5.359706878662109,264,-809
5.400441408157349,230,-808
5.443751573562622,199,-637
5.48598837852478,185,-187
5.526609182357788,190,267
5.569048643112183,212,548
5.61577033996582,241,709
5.655977487564087,271,773
5.696591138839722,307,804
5.742127418518066,342,826
5.786596298217773,378,834
5.829789161682129,413,837
5.870293617248535,444,636
5.911827087402344,458,239
5.950265884399414,454,-190
5.991055250167847,433,-524
6.034334897994995,409,-687
6.076678037643433,377,-750
6.125833749771118,337,-781
6.169896125793457,305,-797
6.211650609970093,270,-804
6.251790285110474,237,-804
6.291857719421387,205,-809
6.340002536773682,171,-633
6.385169982910156,157,-160
6.427051782608032,164,311
6.471182823181152,186,572
6.515491485595703,216,710
6.559069395065308,251,782
6.603669881820679,285,809
6.644282341003418,317,825
6.686935663223267,356,834
6.729029893875122,391,839
6.773891925811768,423,648
6.8145177364349365,437,196
6.852122068405151,432,-146
6.89787220954895,413,-537
6.94366979598999,382,-692
6.984833240509033,352,-754
7.024582147598267,319,-783
7.0638813972473145,289,-794
7.108535289764404,254,-802
7.150111198425293,222,-803
7.1902971267700195,190,-807
7.231187582015991,157,-638
7.273640394210815,144,-239
7.313632965087891,148,152
7.358707427978516,169,555
7.400813579559326,198,703
7.444789409637451,229,770
7.485152244567871,263,804
7.524839162826538,296,824
7.5660974979400635,327,827
7.608863830566406,364,836
7.650850534439087,401,837
7.696133852005005,432,633
7.73702073097229,446,186
7.780628442764282,439,-282
7.825037717819214,418,-564
7.866907119750977,390,-698
7.908802270889282,359,-760
7.951006650924683,321,-782
7.992177248001099,291,-793
8.03432583808899,261,-798
8.076743841171265,225,-796
8.11874794960022,195,-631
8.165178298950195,182,-191
8.206010341644287,188,284
8.247796773910522,209,566
8.288667678833008,239,701
8.330196619033813,267,775
8.370330333709717,302,805
8.413475513458252,335,817
8.451891899108887,368,829
8.490960121154785,405,834
8.541409730911255,441,835
8.583818435668945,473,650
8.628763198852539,488,195
8.670339107513428,481,-209
8.71091103553772,461,-533
8.75751256942749,434,-691
8.796959638595581,401,-760
8.840293645858765,372,-783
8.880815267562866,337,-793
8.927403450012207,302,-799
8.969979047775269,265,-801
9.016268730163574,235,-633
9.05655550956726,222,-195
9.098154306411743,228,241
9.140393257141113,250,564
9.185692548751831,278,704
9.2295560836792,312,778
9.270485162734985,347,806
9.315970182418823,381,820
9.357186079025269,419,830
9.401936769485474,456,836
9.445685386657715,489,835
9.48655652999878,521,641
9.529722690582275,533,246
9.5718252658844,526,-250
9.611495971679688,506,-542
9.654222011566162,481,-694
9.696579933166504,449,-747
9.743564128875732,412,-773
9.786540508270264,377,-789
9.828996181488037,343,-790
9.87563681602478,309,-800
9.916033744812012,280,-622
9.956714153289795,267,-242
9.998793125152588,274,281
