0.027718305587768555,2,9
0.0700218677520752,18,489
0.11133241653442383,42,657
0.15187764167785645,73,740
0.1970841884613037,106,789
0.23696541786193848,138,808
0.27753543853759766,171,817
0.32618045806884766,208,567
0.367828369140625,218,181
0.4128532409667969,209,-267
0.4514598846435547,191,-568
0.49220824241638184,159,-693
0.537139892578125,131,-742
0.579277753829956,102,-563
0.6209762096405029,90,-236
0.6603150367736816,96,246
0.7068023681640625,117,552
0.7502782344818115,146,707
0.7959530353546143,181,772
0.8378610610961914,212,575
0.8802239894866943,225,233
0.9248664379119873,219,-287
0.9674375057220459,199,-551
1.0101158618927002,169,-685
1.0570006370544434,137,-744
1.0956995487213135,110,-598
1.1413509845733643,98,-179
1.1872491836547852,108,299
1.2310473918914795,129,596
1.273160696029663,161,714
1.3153398036956787,190,773
1.358564853668213,221,636
1.4010670185089111,234,193
1.4403445720672607,226,-251
1.483260154724121,206,-556
1.53147554397583,178,-698
1.5775635242462158,144,-746
1.6211812496185303,113,-565
1.6642961502075195,101,-177
1.706258773803711,108,247
1.7476489543914795,129,548
1.796628475189209,160,712
1.833066463470459,190,768
1.8749258518218994,218,642
1.914910078048706,232,250
1.9789669513702393,219,-420
2.0650553703308105,160,-724
2.1531741619110107,85,-784
2.254971742630005,25,-486
2.2959601879119873,18,-242
2.342672109603882,31,408
2.3854589462280273,55,623
2.426907777786255,82,562
2.4658048152923584,92,176
2.509152412414551,85,-264
2.5479936599731445,63,-554
2.5914456844329834,38,-687
2.6366658210754395,4,-747
2.6783266067504883,-24,-596
2.7179818153381348,-36,-157
2.7670254707336426,-29,297
2.8022496700286865,-8,574
2.8481593132019043,20,702
2.8932044506073,54,771
2.9360854625701904,86,640
2.9803600311279297,97,197
3.027198314666748,90,-296
3.06765079498291,69,-554
3.1073625087738037,45,-683
3.154726266860962,8,-741
3.1957719326019287,-20,-588
3.2372419834136963,-33,-230
3.2781667709350586,-28,219
3.3199918270111084,-9,530
3.3630149364471436,20,686
3.4059910774230957,51,756
3.4485151767730713,80,646
3.490870952606201,93,235
3.535648822784424,86,-271
3.578087568283081,66,-566
3.6209774017333984,38,-684
3.6601295471191406,8,-745
3.705373764038086,-22,-593
3.746262311935425,-34,-190
3.7912304401397705,-28,296
3.833735704421997,-6,572
3.873307943344116,22,695
3.917839765548706,57,771
3.966040849685669,90,624
4.007916450500488,101,191
4.0501484870910645,95,-264
4.094832181930542,75,-550
4.137381076812744,48,-687
4.177982807159424,16,-741
4.223759889602661,-15,-599
4.26328444480896,-26,-185
4.30715012550354,-21,230
4.349994421005249,1,577
4.3917295932769775,29,699
4.436578750610352,60,766
4.477349519729614,92,788
4.517607927322388,123,645
4.562822103500366,135,179
4.606849193572998,128,-286
4.648766040802002,108,-557
4.689206600189209,82,-689
4.730022430419922,47,-745
4.777894020080566,18,-576
4.821286201477051,8,-188
4.861537933349609,15,278
4.9021501541137695,37,562
4.945511341094971,62,715
5.031636953353882,130,806
5.117146730422974,183,295
5.221467018127441,156,-575
5.261713743209839,129,-682
5.304795265197754,103,-546
5.3461198806762695,92,-245
5.389031171798706,99,287
5.431073427200317,123,573
5.476993799209595,150,711
5.51629638671875,180,772
5.559106349945068,214,596
5.606737852096558,226,234
5.64712119102478,221,-242
5.6868736743927,202,-522
5.728207349777222,174,-684
5.773113489151001,142,-741
5.813809871673584,114,-585
5.854788064956665,102,-231
5.895053148269653,106,105
5.939878940582275,128,540
5.984711408615112,156,697
6.022343873977661,185,765
6.066066741943359,217,588
6.107871055603027,229,156
6.149724245071411,224,-253
6.196807384490967,203,-547
6.239924669265747,175,-686
6.282209634780884,143,-748
6.327112913131714,114,-576
6.370062351226807,102,-196
6.412221431732178,111,296
6.457672119140625,132,566
6.500144720077515,161,704
6.542073488235474,194,771
6.587717771530151,224,593
6.6310553550720215,235,176
6.670228719711304,230,-254
6.7142744064331055,210,-544
6.7630157470703125,177,-694
6.801246166229248,150,-744
6.841440677642822,122,-592
6.8813316822052,108,-244
6.923097848892212,113,82
6.962149143218994,134,527
7.005968809127808,160,690
7.0558130741119385,196,765
7.094982624053955,226,798
7.147137880325317,262,543
7.186345338821411,272,180
7.228074312210083,264,-290
7.268014430999756,244,-576
7.311342716217041,218,-695
7.354324817657471,185,-742
7.3988072872161865,155,-568
7.441230773925781,144,-241
7.481294870376587,150,278
7.523775815963745,171,550
7.571065902709961,202,706
7.611306667327881,235,773
7.65680718421936,265,620
7.697556972503662,276,181
7.736807346343994,272,-107
7.77218770980835,254,-483
7.817920923233032,228,-664
7.862678050994873,196,-741
7.902227401733398,168,-584
7.952195405960083,156,-108
7.994709730148315,164,301
8.036766052246094,186,596
8.078020572662354,216,708
8.122203350067139,249,776
8.166271686553955,282,630
8.213070392608643,294,177
8.251234769821167,288,-269
8.29307746887207,267,-532
8.33133578300476,244,-676
8.37731409072876,211,-739
8.417271614074707,183,-593
8.457897663116455,170,-238
8.501134157180786,175,221
8.541503190994263,195,537
8.586816549301147,222,690
8.625847578048706,252,757
8.667500972747803,284,799
8.708111763000488,316,593
8.755929231643677,330,186
8.797059535980225,323,-277
8.83872675895691,303,-539
8.878286123275757,274,-684
8.927110195159912,242,-749
8.967787742614746,212,-624
9.006332635879517,201,-194
9.0482919216156,207,233
9.092066526412964,228,551
9.136046409606934,256,699
9.181498289108276,290,765
9.223115921020508,320,634
9.263198852539062,331,252
9.302699089050293,328,-80
9.341975688934326,310,-499
9.387532472610474,284,-663
9.4281165599823,251,-736
9.472970008850098,223,-581
9.511699438095093,213,-173
9.557742595672607,221,267
9.600077867507935,243,578
9.644866228103638,271,709
9.685360431671143,301,771
9.726333856582642,332,637
9.769893884658813,346,164
9.81313681602478,339,-237
9.85149359703064,320,-540
9.8920578956604,294,-680
9.937061786651611,264,-741
10.013116836547852,211,-383
