0.04652523994445801,10,308
0.13461804389953613,57,716
0.2045137882232666,108,624
0.24564790725708008,119,180
0.28923630714416504,111,-247
0.32984471321105957,91,-562
0.373917818069458,68,-453
0.4153430461883545,60,0
0.45574116706848145,70,350
0.4988527297973633,92,599
0.5450441837310791,120,543
0.5884222984313965,130,184
0.631507158279419,121,-308
0.6730616092681885,101,-586
0.7266972064971924,71,-372
0.8054549694061279,77,410
0.8932042121887207,130,728
0.9988248348236084,200,361
1.038945198059082,207,171
1.079688549041748,227,509
1.1252954006195068,252,680
1.1659188270568848,285,754
1.2092812061309814,316,592
1.2532052993774414,326,160
1.2962665557861328,320,-252
1.3398849964141846,297,-572
1.3864789009094238,272,-458
1.4294908046722412,265,-37
1.4735307693481445,276,382
1.5189077854156494,296,417
1.5608575344085693,303,110
1.6015195846557617,293,-314
1.6440138816833496,271,-588
1.6851062774658203,247,-518
1.733736515045166,238,-45
1.7770204544067383,248,368
1.8192369937896729,274,601
1.8626041412353516,297,535
1.9032323360443115,306,248
1.9455864429473877,297,-327
1.9897804260253906,274,-582
2.0308330059051514,250,-524
2.073939800262451,242,-171
2.1189467906951904,252,343
2.1644890308380127,276,593
2.204610586166382,300,540
2.24457049369812,308,174
2.2898850440979004,296,-362
2.333767890930176,274,-587
2.3763155937194824,250,-545
2.4156641960144043,240,-190
2.457937479019165,246,292
2.499842405319214,268,548
2.547940731048584,295,467
2.5946238040924072,302,241
2.6350502967834473,294,-298
2.6769185066223145,273,-431
2.7245662212371826,263,-171
2.7652363777160645,269,272
2.8055055141448975,290,535
2.8478891849517822,314,458
2.892487049102783,321,44
2.939176321029663,310,-379
2.9798765182495117,284,-600
3.0238778591156006,260,-494
3.068709373474121,251,-41
3.107285499572754,260,321
3.149254560470581,284,590
3.1932713985443115,308,524
3.2352120876312256,316,243
3.278919219970703,308,-320
3.3226969242095947,285,-573
3.3640222549438477,262,-455
3.40787410736084,256,0
3.4497463703155518,267,370
3.4940435886383057,290,616
3.5376815795898438,317,525
3.580847978591919,327,165
3.620760679244995,318,-256
3.664757251739502,297,-576
3.705709934234619,272,-516
3.7540647983551025,263,-43
3.795867919921875,274,381
3.8404345512390137,293,387
3.8810923099517822,296,0
3.9288413524627686,282,-459
3.9699714183807373,256,-629
4.010788440704346,231,-535
4.053239583969116,221,-183
4.094889879226685,228,277
4.137941598892212,250,587
4.182468414306641,275,499
4.224976062774658,283,197
4.265791416168213,273,-364
4.310807228088379,248,-589
4.352770090103149,226,-537
4.395052671432495,216,-240
4.438828706741333,224,297
4.479540109634399,246,557
4.519800424575806,269,424
4.569538831710815,277,36
4.615208387374878,265,-384
4.657407999038696,241,-607
4.700559616088867,215,-541
4.738983631134033,207,-189
4.7795891761779785,214,254
4.82534384727478,235,529
4.868772029876709,257,420
4.9157633781433105,262,-39
4.960493326187134,248,-420
5.002484321594238,228,-389
5.043249130249023,223,43
5.084032297134399,235,383
5.127621412277222,258,613
5.169157028198242,284,539
5.209810018539429,295,148
5.253852367401123,288,-278
5.298947095870972,268,-571
5.346914052963257,240,-456
5.386030673980713,234,-38
5.429133892059326,243,352
5.472012758255005,267,587
5.515445232391357,293,494
5.56065821647644,300,198
5.599271059036255,290,-337
5.644571781158447,268,-588
5.684004783630371,243,-547
5.725776433944702,234,-191
5.774808645248413,242,301
5.814963102340698,262,564
5.855824708938599,288,527
5.900656700134277,296,242
5.939143657684326,289,-282
5.983508110046387,266,-558
6.023397922515869,244,-459
6.066602468490601,236,-237
6.105404376983643,245,283
6.149250745773315,262,343
6.1930177211761475,262,-25
6.235606670379639,246,-458
6.2776124477386475,221,-643
6.319858551025391,194,-516
6.363170862197876,185,-163
6.403738975524902,192,293
6.446277379989624,212,547
6.4886579513549805,236,483
6.52971625328064,244,239
6.575351238250732,233,-365
6.619239091873169,208,-596
6.659375905990601,184,-524
6.703450441360474,174,-169
6.745673418045044,182,259
6.7875776290893555,203,558
6.829899787902832,229,488
6.875743389129639,236,192
6.914982795715332,227,-363
6.962555170059204,201,-588
6.999955415725708,178,-540
7.0452070236206055,169,-170
7.085650444030762,178,308
7.130751132965088,200,571
7.170578718185425,224,529
7.207823276519775,232,161
7.252558469772339,224,-278
7.293539762496948,203,-570
7.338062286376953,177,-444
7.383147239685059,170,0
7.425459146499634,182,343
7.468818664550781,204,596
7.508873701095581,228,543
7.54918909072876,239,172
7.589964389801025,231,-298
7.633748292922974,212,-563
7.675620794296265,188,-468
7.718053340911865,179,-190
7.7690041065216064,190,386
7.8099658489227295,211,430
7.855239152908325,215,-44
7.89866828918457,202,-422
7.9423604011535645,177,-622
7.980921745300293,151,-542
8.020947456359863,142,-190
8.063247203826904,148,247
8.104567766189575,167,545
8.150669574737549,193,458
8.19004487991333,199,36
8.227792739868164,190,-311
8.272637844085693,169,-575
8.31558895111084,141,-496
8.36049222946167,133,-45
8.404046535491943,142,288
8.442672967910767,164,586
8.485670328140259,188,552
8.526954412460327,197,45
8.575974702835083,186,-347
8.617791414260864,160,-596
8.66344141960144,136,-468
8.708706378936768,128,-196
8.747530460357666,138,293
8.79062795639038,159,567
8.830759286880493,183,527
8.869283199310303,190,196
8.91237759590149,183,-258
8.960740327835083,158,-582
8.997722864151001,135,-483
9.040863990783691,126,-239
9.08105731010437,133,243
9.123775959014893,148,329
9.166261434555054,148,-94
9.206913232803345,134,-403
9.245629787445068,109,-621
9.288849353790283,84,-644
9.329219102859497,60,-447
9.37581205368042,55,38
9.418453931808472,66,385
9.46427869796753,87,355
9.504565477371216,89,-36
9.54552149772644,76,-399
9.585651397705078,52,-608
9.629903793334961,27,-466
9.674872398376465,19,-42
9.713221073150635,28,266
9.760748386383057,52,595
9.803852081298828,78,572
9.84390640258789,87,183
9.887692213058472,79,-252
9.9354727268219,55,-578
9.977729082107544,31,-488
10.022476196289062,22,-46
