0.02875351905822754,3,132
0.07263851165771484,18,489
0.11269688606262207,43,665
0.1544806957244873,76,745
0.19895458221435547,111,794
0.24131059646606445,145,815
0.2829103469848633,180,824
0.32915830612182617,218,832
0.37386584281921387,251,639
0.41789913177490234,263,183
0.4576537609100342,256,-262
0.4995839595794678,235,-567
0.5434920787811279,208,-693
0.5884613990783691,176,-750
0.6286709308624268,146,-778
0.6712551116943359,113,-592
0.7187814712524414,102,-177
0.7641370296478271,112,299
0.8027410507202148,133,581
0.8472130298614502,163,715
0.8924565315246582,195,776
0.9331159591674805,230,808
0.9746439456939697,261,631
1.019176959991455,273,190
1.061549186706543,266,-256
1.1062428951263428,245,-576
1.1524152755737305,214,-702
1.1929607391357422,182,-752
1.2363157272338867,151,-782
1.2784919738769531,118,-792
1.3175287246704102,87,-659
1.359276294708252,74,-255
1.4013829231262207,78,165
1.4461774826049805,98,540
1.4884648323059082,125,694
1.532283067703247,158,770
1.5739476680755615,191,801
1.6134164333343506,222,625
1.6575140953063965,235,199
1.697591781616211,230,-159
1.7376391887664795,212,-522
1.779538869857788,185,-664
1.822631597518921,156,-743
1.8644037246704102,122,-775
1.9042105674743652,91,-784
1.94746732711792,60,-593
1.9890706539154053,48,-241
2.033984661102295,54,253
2.07330060005188,75,552
2.116995334625244,104,701
2.162031650543213,136,775
2.2036492824554443,172,805
2.2461097240448,200,595
2.2872843742370605,213,196
2.331218719482422,206,-284
2.378124475479126,184,-571
2.4162862300872803,159,-687
2.4571449756622314,127,-746
2.499943256378174,96,-776
2.5404791831970215,65,-789
2.582655906677246,34,-623
2.625506639480591,20,-243
2.666999101638794,25,151
2.7091002464294434,46,537
2.7599685192108154,78,707
2.8012654781341553,111,774
2.8433170318603516,144,802
2.8868064880371094,176,624
2.9291391372680664,190,232
2.9741804599761963,183,-215
3.01542592048645,163,-535
3.056671619415283,138,-680
3.0995407104492188,105,-750
3.1463143825531006,69,-779
3.1861350536346436,41,-659
3.228821039199829,28,-179
3.274200916290283,33,142
3.3116235733032227,53,542
3.354541778564453,80,682
3.399054527282715,111,761
3.444458246231079,147,798
3.484426259994507,182,817
3.533938407897949,214,553
3.5766475200653076,224,245
3.6185410022735596,216,-324
3.6587865352630615,196,-572
3.701388120651245,165,-702
3.7479023933410645,132,-758
3.7878599166870117,101,-784
3.8284897804260254,72,-629
3.8679935932159424,59,-236
3.908499002456665,62,118
3.9571189880371094,86,552
3.9982786178588867,111,692
4.094306707382202,188,805
4.1345436573028564,217,655
4.173588275909424,230,242
4.219942331314087,225,-154
4.261180877685547,205,-522
4.3044843673706055,177,-678
4.351348638534546,143,-751
4.396064758300781,111,-777
4.433276414871216,80,-630
4.479905605316162,69,-236
4.524048566818237,74,261
4.568309545516968,96,554
4.608352899551392,122,699
4.64734411239624,154,759
4.690047025680542,187,796
4.733560800552368,222,815
4.779361248016357,257,662
4.821329355239868,269,183
4.866762638092041,264,-253
4.908899545669556,242,-572
4.95391321182251,214,-694
4.994558095932007,183,-751
5.0362465381622314,150,-776
5.077626943588257,122,-563
5.122469902038574,110,-168
5.168361186981201,119,284
5.20947527885437,140,577
5.248495817184448,166,703
5.289454460144043,198,765
5.3310768604278564,231,803
5.371262073516846,261,625
5.417333364486694,275,245
5.458746671676636,270,-223
5.501317262649536,246,-563
5.549408435821533,216,-701
5.59130334854126,182,-754
5.638055086135864,151,-781
5.678998708724976,118,-792
5.722280263900757,88,-583
5.764181137084961,75,-239
5.80290150642395,80,116
5.848101615905762,99,528
5.885964632034302,124,681
5.928889751434326,158,767
5.974268198013306,192,798
6.013554573059082,222,647
6.05602765083313,234,239
6.097621917724609,227,-243
6.139535665512085,208,-549
6.184122562408447,179,-679
6.222455024719238,150,-746
6.267135143280029,116,-771
6.305083274841309,86,-785
6.3527350425720215,55,-580
6.395992755889893,42,-186
6.4360878467559814,48,204
6.475927352905273,66,533
6.516813516616821,93,686
6.561206579208374,126,762
6.603350877761841,160,799
6.64942193031311,193,652
6.690994501113892,206,254
6.731930732727051,200,-233
6.77796483039856,180,-547
6.817310333251953,153,-683
6.862544775009155,122,-750
6.904407262802124,88,-773
6.9442267417907715,60,-641
6.98134970664978,48,-252
7.027968406677246,53,195
7.07012939453125,73,547
7.10929274559021,100,697
7.158567190170288,135,769
7.199479579925537,168,798
7.239456415176392,202,817
7.28162407875061,235,625
7.326242446899414,246,197
7.367535591125488,240,-295
7.4075376987457275,220,-543
7.449233293533325,194,-677
7.489494800567627,162,-745
7.534145355224609,126,-776
7.577943801879883,99,-628
7.61958122253418,86,-197
7.661362648010254,93,255
7.707340717315674,112,539
7.747070074081421,139,694
7.791104078292847,174,767
7.833986043930054,208,800
7.876804828643799,239,818
7.9189066886901855,273,656
7.9670021533966064,287,194
8.010994672775269,280,-284
8.054614067077637,258,-565
8.096149206161499,230,-686
8.140774250030518,200,-751
8.181495189666748,167,-777
8.2291841506958,134,-582
8.273885011672974,124,-199
8.318132877349854,133,282
8.359257459640503,157,590
8.405535459518433,186,719
8.443421363830566,220,774
8.487472534179688,250,802
8.531213760375977,282,637
8.57295846939087,296,198
8.616992712020874,288,-254
8.659133195877075,269,-553
8.70302677154541,240,-696
8.751296758651733,203,-756
8.794515609741211,169,-779
8.840190887451172,139,-620
8.879030704498291,126,-260
8.91953420639038,130,201
8.963644027709961,150,538
9.005874633789062,176,686
9.051393032073975,210,766
9.098109722137451,246,798
9.133402347564697,280,816
9.18234896659851,312,644
9.224265336990356,326,235
9.26241135597229,322,-138
9.302864074707031,302,-519
9.34817123413086,276,-677
9.388148784637451,246,-740
9.42952847480774,213,-771
9.474043846130371,184,-595
9.513400316238403,172,-231
9.559601306915283,180,318
9.605929136276245,202,596
9.644309520721436,231,699
9.684603452682495,261,769
9.726773023605347,295,802
9.767521619796753,323,638
9.809135913848877,337,246
9.854249238967896,332,-140
9.892592906951904,316,-521
9.931595087051392,286,-668
9.98051142692566,256,-744
10.025544166564941,221,-776
