0.032242774963378906,3,64
0.07441139221191406,20,478
0.11136746406555176,47,663
0.1534271240234375,76,743
0.19723176956176758,109,788
0.24001026153564453,141,806
0.28108954429626465,173,627
0.3284721374511719,185,173
0.37044668197631836,177,-300
0.4125967025756836,154,-579
0.45699071884155273,126,-694
0.4994649887084961,99,-583
0.5461320877075195,87,-158
0.5861358642578125,94,287
0.6270036697387695,114,569
0.6694016456604004,142,698
0.7140440940856934,172,549
0.7563824653625488,181,187
0.7974414825439453,173,-252
0.8412537574768066,152,-571
0.8863897323608398,123,-694
0.9306285381317139,93,-617
0.9724080562591553,76,-259
1.0129215717315674,78,108
1.057192087173462,95,511
1.1009979248046875,124,680
1.1486387252807617,156,762
1.1912484169006348,188,575
1.2343358993530273,200,185
1.272942304611206,193,-245
1.3171360492706299,172,-543
1.35833740234375,147,-684
1.3988211154937744,120,-549
1.4443471431732178,109,-194
1.4835097789764404,118,259
1.5313844680786133,143,613
1.5750806331634521,173,725
1.618990421295166,202,625
1.6592636108398438,214,166
1.704068899154663,208,-237
1.7478954792022705,187,-549
1.7884275913238525,161,-685
1.8311140537261963,132,-561
1.8755455017089844,121,-199
1.921248435974121,130,330
1.9636240005493164,154,590
2.0083916187286377,181,712
2.0487399101257324,214,767
2.0895066261291504,242,658
2.1313226222991943,256,184
2.1733341217041016,250,-140
2.2172317504882812,231,-521
2.261309862136841,204,-677
2.3055989742279053,174,-572
2.352411985397339,164,-179
2.3912718296051025,172,249
2.433352470397949,195,577
2.4790215492248535,224,704
2.5194878578186035,253,571
2.5643537044525146,263,169
2.606144428253174,256,-296
2.649404764175415,234,-565
2.6925342082977295,206,-696
2.7384941577911377,176,-549
2.7822742462158203,166,-180
2.8208303451538086,172,266
2.8640716075897217,193,548
2.905942916870117,221,700
2.9442977905273438,249,591
2.9904403686523438,264,253
3.031094789505005,261,-83
3.0745952129364014,243,-515
3.120373487472534,215,-674
3.162548542022705,184,-740
3.2056424617767334,154,-570
3.247065782546997,143,-175
3.289006233215332,150,243
3.3323891162872314,170,560
3.3742260932922363,199,695
3.411226749420166,224,547
3.4526844024658203,235,192
3.495987892150879,230,-212
3.541217088699341,207,-562
3.586168050765991,179,-688
3.6266067028045654,153,-581
3.6686182022094727,140,-236
3.7092559337615967,147,262
3.7515933513641357,169,554
3.796999931335449,197,696
3.8390519618988037,228,768
3.8812503814697266,257,579
3.931896448135376,270,49
3.9762496948242188,259,-349
4.019273042678833,236,-594
4.062227964401245,208,-703
4.108769655227661,176,-594
4.149103403091431,164,-191
4.1919708251953125,169,264
4.233506202697754,190,563
4.276764631271362,216,698
4.319084405899048,248,558
4.3632776737213135,258,173
4.406836748123169,250,-267
4.45204496383667,229,-570
4.493303060531616,197,-692
4.538495063781738,172,-554
4.577592372894287,162,-177
4.619380474090576,168,225
4.663916826248169,189,553
4.703017711639404,217,698
4.751449823379517,249,557
4.796777963638306,260,198
4.837354898452759,252,-256
4.882307291030884,231,-579
4.922744035720825,201,-689
4.966220378875732,173,-742
5.007056713104248,144,-599
5.049350023269653,130,-183
5.099128723144531,140,313
5.147207736968994,165,598
5.186227321624756,189,707
5.2275097370147705,220,618
5.269349575042725,232,182
5.313960790634155,225,-248
5.353088855743408,205,-548
5.396014451980591,179,-678
5.437643051147461,152,-551
5.478616237640381,142,-163
5.522490978240967,151,318
5.567633390426636,173,588
5.60921049118042,203,712
5.6543614864349365,232,571
5.6960742473602295,241,163
5.7369818687438965,235,-213
5.778929948806763,215,-545
5.82202410697937,188,-693
5.863433599472046,154,-745
5.908223867416382,126,-583
5.949324607849121,114,-181
5.993354558944702,121,292
6.039008617401123,144,570
6.081326723098755,172,708
6.12813138961792,201,542
6.167118072509766,211,181
6.2094407081604,202,-298
6.251367807388306,181,-573
6.294591665267944,152,-692
6.341446399688721,122,-543
6.3867151737213135,111,-188
6.428534507751465,118,254
6.469630002975464,140,585
6.513439416885376,170,706
6.5585198402404785,199,599
6.599520206451416,212,163
6.643530607223511,204,-284
6.689025640487671,181,-567
6.7345967292785645,152,-701
6.778520584106445,123,-578
6.817439079284668,111,-161
6.860583066940308,117,242
6.904300212860107,136,523
6.9443840980529785,162,675
6.9866485595703125,191,710
7.0299131870269775,217,479
7.06913948059082,224,43
7.114069938659668,214,-337
7.1592347621917725,188,-597
7.204136610031128,157,-709
7.242626667022705,133,-573
7.284517765045166,120,-190
7.326812982559204,125,265
7.369868993759155,144,530
7.409625768661499,172,695
7.455935955047607,200,535
7.496722936630249,210,187
7.541541337966919,199,-361
7.58838677406311,176,-596
7.627394199371338,148,-701
7.669231414794922,121,-619
7.710191965103149,109,-181
7.7533464431762695,116,292
7.796382188796997,136,559
7.838984727859497,165,694
7.881335020065308,196,766
7.9235076904296875,228,627
7.972020864486694,239,116
8.013263702392578,231,-270
8.056781768798828,211,-582
8.099560976028442,180,-698
8.148109674453735,151,-544
8.186333417892456,141,-237
8.228975772857666,147,240
8.27123212814331,168,571
8.314500331878662,196,699
8.361007452011108,227,568
8.403999090194702,238,175
8.442803621292114,231,-258
8.487427949905396,210,-540
8.529196500778198,181,-684
8.571539163589478,153,-570
8.618016481399536,143,-186
8.658153533935547,150,295
8.698734045028687,169,572
8.743033409118652,201,705
8.78879165649414,230,598
8.828977584838867,242,240
8.873440980911255,236,-276
8.917072772979736,215,-537
8.960330486297607,190,-684
9.00116753578186,159,-746
9.044378995895386,128,-585
9.088548183441162,118,-186
9.129258394241333,125,313
9.177109718322754,148,584
9.219273328781128,179,712
9.264524221420288,207,556
9.304409503936768,218,233
9.342822551727295,212,-218
9.386737823486328,193,-531
9.42835259437561,166,-676
9.467030763626099,141,-539
9.504417657852173,133,-168
9.549496412277222,141,295
9.593565464019775,165,583
9.638839483261108,195,715
9.683993101119995,223,578
9.723538398742676,234,193
9.770106315612793,226,-255
9.812343120574951,206,-564
9.851358890533447,180,-687
9.896801471710205,146,-750
9.944231986999512,113,-555
9.988030433654785,102,-196
10.028286933898926,108,131
