0.028864145278930664,1,13
0.07064437866210938,10,288
0.11358857154846191,32,592
0.15572690963745117,62,721
0.19773435592651367,95,780
0.24372124671936035,130,806
0.2919187545776367,169,823
0.3343520164489746,204,829
0.37445902824401855,237,833
0.41672658920288086,272,834
0.4566206932067871,306,838
0.5055496692657471,348,837
0.5474123954772949,384,837
0.5906016826629639,418,836
0.6327259540557861,453,838
0.6764938831329346,490,835
0.7188243865966797,527,837
0.7626323699951172,562,832
0.803194522857666,595,839
0.8440239429473877,632,835
0.8887453079223633,669,835
0.9278764724731445,702,836
0.97174072265625,741,837
1.0166902542114258,774,837
1.0586514472961426,815,836
1.1055991649627686,850,838
1.1490018367767334,887,839
1.1916656494140625,922,839
1.2336125373840332,959,836
1.276740312576294,992,839
1.3187217712402344,1031,836
1.3626339435577393,1064,837
1.4028754234313965,1098,840
1.443713903427124,1135,835
1.492753267288208,1173,838
1.5330398082733154,1207,840
1.5755276679992676,1244,836
1.6174218654632568,1277,695
1.6612558364868164,1291,235
1.7040438652038574,1284,-279
1.747431993484497,1263,-558
1.7903845310211182,1236,-699
1.831263780593872,1205,-752
1.8738207817077637,1171,-779
1.9171991348266602,1139,-794
1.9599897861480713,1103,-799
2.0028626918792725,1070,-803
2.043081521987915,1038,-806
2.085456609725952,1003,-809
2.1288418769836426,967,-809
2.1673989295959473,935,-808
2.2110424041748047,902,-808
2.252023220062256,867,-807
2.2957558631896973,831,-807
2.3380062580108643,796,-806
2.383519411087036,762,-803
2.428300142288208,727,-804
2.4726130962371826,691,-801
2.5111403465270996,661,-801
2.554328203201294,626,-802
2.5938916206359863,591,-803
2.6423919200897217,555,-806
2.6884634494781494,518,-804
2.7278499603271484,484,-806
2.7736856937408447,449,-803
2.8180720806121826,411,-807
2.8613929748535156,378,-805
2.905789852142334,342,-804
2.9505457878112793,307,-803
2.9916958808898926,273,-805
3.034466505050659,239,-803
3.077761173248291,203,-805
3.1228229999542236,165,-803
3.166497230529785,132,-806
3.207752227783203,101,-636
3.2528693675994873,89,-183
3.293640613555908,95,233
3.3383193016052246,116,584
3.3779423236846924,148,709
3.422863483428955,177,771
3.460822105407715,209,801
3.5060391426086426,247,821
3.551429271697998,282,835
3.595280408859253,319,836
3.6370880603790283,356,839
3.6814634799957275,391,841
3.7243504524230957,427,843
3.7637016773223877,460,838
3.807279109954834,499,842
3.847778797149658,532,839
3.896724224090576,571,843
3.9364254474639893,605,841
3.978755474090576,642,845
4.017726182937622,675,839
4.063331842422485,714,842
4.106811761856079,753,839
4.15081787109375,785,841
4.195542812347412,823,837
4.238352537155151,859,844
4.2817604541778564,897,839
4.324346303939819,931,842
4.363962888717651,968,839
4.407798528671265,1005,842
4.453145265579224,1039,842
4.494503498077393,1074,841
4.536919355392456,1109,840
4.577165842056274,1143,842
4.61787748336792,1184,843
4.662893772125244,1216,843
4.703639507293701,1253,841
4.747578382492065,1285,572
4.7925865650177,1297,247
4.830782413482666,1291,-251
4.872995853424072,1271,-557
4.916802406311035,1243,-702
4.958710432052612,1208,-756
4.99741005897522,1179,-779
5.038643836975098,1147,-792
5.082640171051025,1113,-805
5.1256935596466064,1078,-809
5.167320251464844,1042,-809
5.2078635692596436,1010,-813
5.253664016723633,974,-812
5.295892000198364,940,-810
5.34251070022583,903,-811
5.382948160171509,870,-812
5.423947811126709,835,-809
5.4659788608551025,801,-811
5.517810583114624,758,-810
5.562384128570557,724,-813
5.6014320850372314,691,-813
5.643785238265991,656,-814
5.688640117645264,620,-812
5.72855019569397,586,-813
5.773488759994507,551,-813
5.81842041015625,516,-811
5.857779502868652,482,-814
5.904810428619385,443,-814
5.950580596923828,409,-813
5.991280794143677,374,-814
6.032034158706665,340,-813
6.073913335800171,305,-811
6.118706464767456,270,-813
6.155815839767456,239,-812
6.2012622356414795,202,-813
6.2436699867248535,169,-814
6.291898965835571,131,-815
6.3355796337127686,98,-626
6.375845193862915,85,-243
6.4184770584106445,92,252
6.463658094406128,112,583
6.507165908813477,140,711
6.548932790756226,175,768
6.591269016265869,207,798
6.632091522216797,241,815
6.6728503704071045,272,822
6.717397689819336,312,829
6.761463642120361,347,832
6.800506830215454,378,835
6.841964960098267,415,835
6.883507966995239,450,835
6.9255290031433105,483,834
6.967870235443115,523,837
7.012410879135132,555,838
7.053630828857422,599,838
7.110462427139282,639,836
7.15324592590332,673,839
7.1954100131988525,709,840
7.238706588745117,748,837
7.275912284851074,780,835
7.32298469543457,815,837
7.363487958908081,850,838
7.405633211135864,885,842
7.4524266719818115,924,839
7.493204593658447,961,841
7.536515951156616,995,839
7.577767848968506,1032,839
7.621973991394043,1069,842
7.663837909698486,1102,843
7.703519582748413,1139,838
7.745958089828491,1176,840
7.790518760681152,1208,841
7.832730531692505,1243,840
7.873401641845703,1281,839
7.922889471054077,1316,661
7.963017463684082,1330,239
8.003932476043701,1324,-242
8.050562620162964,1304,-555
8.091480493545532,1275,-692
8.13367223739624,1245,-751
8.175862550735474,1211,-783
8.218902349472046,1177,-797
8.26043438911438,1146,-801
8.303988218307495,1109,-811
8.345911026000977,1073,-811
8.389000415802002,1039,-815
8.431626081466675,1003,-813
8.474859237670898,969,-818
8.520622491836548,935,-816
8.561617612838745,901,-815
8.603969097137451,866,-815
8.646615505218506,832,-816
8.69325566291809,794,-818
8.73596477508545,757,-817
8.780595541000366,723,-817
8.821406364440918,688,-813
8.862991571426392,655,-818
8.90299129486084,623,-816
8.94584584236145,585,-819
8.98896050453186,549,-819
9.033358573913574,515,-816
9.076679944992065,481,-816
9.12325406074524,443,-816
9.162842988967896,411,-818
9.2035391330719,375,-814
9.24716567993164,342,-819
9.2925124168396,304,-817
9.331798791885376,272,-819
9.371064901351929,241,-818
9.411208629608154,208,-816
9.45292353630066,175,-698
9.495768785476685,156,-277
9.541728258132935,157,50
9.582732677459717,173,493
9.620622396469116,199,663
9.66254210472107,227,748
9.701791286468506,260,798
9.745748043060303,294,818
9.79189658164978,332,830
9.831292390823364,365,837
9.871761322021484,401,844
9.920755386352539,441,841
9.962939500808716,475,843
10.00282907485962,509,841
