0.027608394622802734,3,19
0.06946444511413574,19,490
0.11815834045410156,48,674
0.1562647819519043,76,749
0.19666409492492676,107,797
0.23905324935913086,142,817
0.2824997901916504,180,826
0.3312842845916748,220,828
0.37960004806518555,258,832
0.41967034339904785,300,834
0.5072240829467773,354,389
0.5589945316314697,354,-171
0.6015148162841797,337,-500
0.6474978923797607,309,-661
0.6886260509490967,280,-733
0.7330594062805176,244,-771
0.7775430679321289,209,-784
0.8226051330566406,177,-637
0.8674540519714355,165,-176
0.9123439788818359,172,272
0.9542834758758545,195,571
0.9934020042419434,225,711
1.0375123023986816,256,781
1.0834128856658936,294,803
1.1288681030273438,326,820
1.1720733642578125,363,822
1.2133445739746094,396,627
1.2588083744049072,406,249
1.2990691661834717,398,-286
1.3404827117919922,376,-570
1.3881745338439941,347,-706
1.4285423755645752,318,-753
1.4690124988555908,284,-780
1.5141143798828125,251,-793
1.562495231628418,212,-797
1.6033926010131836,179,-638
1.6450839042663574,167,-234
1.688584566116333,172,191
1.7325944900512695,192,558
1.7735264301300049,221,697
1.8172533512115479,256,772
1.8614072799682617,288,806
1.906757116317749,327,819
1.9511334896087646,365,824
1.9961879253387451,395,640
2.035116195678711,408,236
2.0786328315734863,403,-135
2.1214287281036377,382,-547
2.166161060333252,355,-687
2.203153133392334,326,-746
2.24898624420166,290,-779
2.2925865650177,258,-793
2.339625597000122,217,-800
2.386178731918335,183,-805
2.4293971061706543,151,-638
2.4720404148101807,138,-184
2.516756057739258,144,267
2.558464765548706,164,558
2.5984997749328613,190,696
2.639934539794922,222,765
2.6823318004608154,255,803
2.7240395545959473,294,817
2.7704503536224365,327,829
2.8126139640808105,359,638
2.854301929473877,373,248
2.8943400382995605,368,-150
2.932711124420166,352,-519
2.973553419113159,324,-672
3.0190916061401367,292,-743
3.0614476203918457,258,-775
3.106768846511841,226,-790
3.1539008617401123,187,-801
3.1945719718933105,156,-626
3.2375524044036865,144,-198
3.282560348510742,152,276
3.324658155441284,172,548
3.3676371574401855,201,702
3.409416913986206,232,768
3.4542977809906006,269,802
3.492704391479492,297,820
3.5400357246398926,336,824
3.582716941833496,368,599
3.6228373050689697,382,184
3.6661181449890137,376,-250
3.704662799835205,356,-539
3.748612880706787,330,-685
3.7890336513519287,299,-745
3.8304529190063477,264,-780
3.876100540161133,232,-793
3.9175825119018555,199,-800
3.9642200469970703,164,-647
4.003942251205444,151,-199
4.047929763793945,157,215
4.089425325393677,176,552
4.12845253944397,201,692
4.169658184051514,232,762
4.21139121055603,267,799
4.256134033203125,302,818
4.29603910446167,336,826
4.339637517929077,374,832
4.3843066692352295,407,663
4.42678427696228,420,183
4.471350908279419,414,-269
4.512835741043091,392,-560
4.55608344078064,366,-693
4.600337266921997,334,-749
4.639426231384277,301,-774
4.684272766113281,266,-792
4.724311351776123,234,-798
4.767547130584717,204,-593
4.809252500534058,191,-187
4.852904796600342,196,257
4.896214962005615,215,546
4.937552452087402,243,691
4.98004937171936,274,761
5.021624326705933,307,799
5.065555572509766,344,813
5.108835458755493,378,822
5.1529014110565186,413,619
5.196410655975342,424,242
5.2368810176849365,419,-262
5.281245231628418,398,-555
5.329030275344849,366,-699
5.379155158996582,329,-757
5.421416759490967,295,-779
5.46464991569519,262,-791
5.5060930252075195,230,-798
5.551118850708008,198,-573
5.595137357711792,186,-234
5.636088132858276,194,279
5.677098274230957,214,576
5.722225904464722,244,710
5.762624025344849,274,776
5.8045127391815186,309,805
5.842906475067139,342,816
5.884600639343262,376,831
5.927110195159912,407,658
5.974326133728027,422,170
6.0142130851745605,415,-223
6.051338195800781,396,-542
6.096014022827148,369,-687
6.136248588562012,340,-750
6.1784827709198,308,-775
6.2189202308654785,275,-792
6.261322736740112,241,-799
6.303402662277222,206,-802
6.351323127746582,172,-561
6.394508361816406,160,-242
6.436798334121704,166,284
6.478191137313843,188,557
6.521266222000122,216,705
6.563554525375366,252,773
6.607045888900757,282,809
6.648981809616089,316,821
6.694576025009155,354,831
6.733646631240845,386,623
6.779078245162964,399,197
6.824219226837158,391,-286
6.86429238319397,371,-547
6.902554988861084,348,-691
6.943292617797852,315,-751
6.987427473068237,283,-777
7.0235207080841064,250,-790
7.067670106887817,220,-798
7.111304521560669,187,-629
7.15847110748291,174,-232
7.198564052581787,180,272
7.239144325256348,202,582
7.28205943107605,228,704
7.324457168579102,263,770
7.366247177124023,293,803
7.408373594284058,327,819
7.44806432723999,360,825
7.48868727684021,393,828
7.531218767166138,426,639
7.580014228820801,440,231
7.6211912631988525,432,-276
7.663020610809326,410,-577
7.706725120544434,383,-698
7.748144626617432,349,-747
7.789235353469849,317,-777
7.833078622817993,284,-788
7.876830339431763,252,-797
7.919553756713867,219,-616
7.9670891761779785,206,-161
8.006338834762573,213,289
8.048548460006714,232,563
8.0913667678833,262,706
8.13282823562622,295,768
8.175646305084229,327,805
8.218733072280884,361,817
8.258755445480347,394,828
8.297409296035767,425,669
8.339271306991577,440,167
8.386162757873535,434,-260
8.426187515258789,415,-544
8.468377351760864,388,-687
8.510199546813965,356,-743
8.55146598815918,323,-775
8.593317747116089,290,-790
8.637202024459839,257,-795
8.680294036865234,224,-623
8.723448991775513,212,-195
8.77029275894165,218,291
8.81148362159729,240,574
8.853307723999023,268,706
8.898542642593384,300,773
8.93844199180603,332,804
8.97741436958313,366,819
9.018105268478394,397,825
9.057612895965576,432,830
9.099223613739014,463,716
9.141339778900146,479,179
9.189099311828613,471,-253
9.234282732009888,450,-553
9.27307653427124,424,-684
9.316730737686157,394,-745
9.357598066329956,361,-779
9.399052858352661,329,-787
9.441278457641602,296,-799
9.487899541854858,262,-588
9.527434825897217,250,-241
9.577452898025513,260,289
9.619130373001099,280,590
9.66112470626831,310,713
9.705674171447754,342,775
9.742928266525269,374,807
9.784651279449463,406,820
9.82427978515625,441,828
9.868910789489746,472,672
9.911233901977539,487,234
9.960109233856201,480,-268
10.001361608505249,459,-580
