0.0279538631439209,2,14
0.07282233238220215,19,488
0.11804437637329102,49,685
0.16257214546203613,80,761
0.2032773494720459,112,800
0.2440633773803711,147,820
0.2858247756958008,182,827
0.3309144973754883,220,835
0.374692440032959,254,838
0.41534900665283203,288,840
0.45783543586730957,324,838
0.5053086280822754,363,837
0.5461814403533936,402,841
0.5926768779754639,437,841
0.6328330039978027,470,839
0.6764271259307861,504,667
0.7188889980316162,518,196
0.7577965259552002,513,-139
0.8033852577209473,492,-547
0.8450145721435547,466,-688
0.8878929615020752,434,-751
0.9341928958892822,397,-781
0.9759316444396973,364,-795
1.0196123123168945,328,-800
1.0639853477478027,293,-807
1.1060471534729004,259,-810
1.1495780944824219,223,-810
1.1940524578094482,188,-812
1.2357792854309082,153,-811
1.2799453735351562,119,-812
1.3269577026367188,86,-580
1.3685975074768066,75,-176
1.4146697521209717,84,269
1.4546482563018799,105,579
1.4928593635559082,130,705
1.533531904220581,164,776
1.5752568244934082,194,808
1.6196508407592773,233,821
1.6636948585510254,270,834
1.711012363433838,308,839
1.753633975982666,344,838
1.7987782955169678,380,840
1.84102201461792,417,838
1.8804259300231934,449,840
1.9210975170135498,482,675
1.965869665145874,495,179
2.0107057094573975,487,-294
2.0496387481689453,466,-572
2.093294382095337,440,-701
2.139458417892456,404,-758
2.1836678981781006,370,-784
2.228609323501587,336,-793
2.2711756229400635,298,-802
2.317797899246216,263,-806
2.36079478263855,228,-809
2.4009106159210205,195,-808
2.4398369789123535,161,-808
2.4841976165771484,128,-805
2.5292272567749023,94,-807
2.5744471549987793,59,-652
2.614009141921997,46,-256
2.6579248905181885,53,288
2.7027273178100586,74,576
2.7436649799346924,102,701
2.7841508388519287,134,771
2.829071044921875,167,808
2.8707244396209717,203,821
2.9139835834503174,240,831
2.958953619003296,275,835
2.998720645904541,308,838
3.039970874786377,347,838
3.0840508937835693,382,841
3.1258280277252197,419,841
3.1711792945861816,456,840
3.216500759124756,488,641
3.2589101791381836,500,237
3.3065083026885986,489,-394
3.355130672454834,466,-614
3.397829532623291,434,-724
3.4398300647735596,402,-767
3.485283613204956,369,-788
3.5277066230773926,334,-795
3.569016456604004,302,-806
3.611032485961914,266,-805
3.6539156436920166,232,-806
3.6940596103668213,200,-811
3.740070343017578,161,-810
3.7865989208221436,126,-811
3.8308207988739014,92,-622
3.8700904846191406,81,-185
3.9146668910980225,88,280
3.9511749744415283,107,545
3.993663787841797,134,701
4.035849094390869,167,770
4.079883098602295,202,804
4.128034591674805,240,824
4.175022840499878,278,829
4.212685585021973,310,837
4.254137754440308,346,838
4.297706604003906,382,841
4.339354038238525,419,843
4.379621505737305,452,841
4.4228596687316895,486,839
4.466917991638184,520,654
4.5073630809783936,534,239
4.5537004470825195,528,-247
4.595938205718994,507,-576
4.639455080032349,478,-694
4.683699607849121,446,-753
4.71996545791626,414,-778
4.767677307128906,381,-794
4.807815074920654,349,-801
4.853358745574951,312,-802
4.895061492919922,280,-805
4.939968585968018,242,-807
4.986682891845703,206,-812
5.027867794036865,172,-807
5.071043014526367,138,-647
5.113284111022949,126,-251
5.155998229980469,132,131
5.1978394985198975,152,578
5.244416236877441,183,704
5.285066843032837,213,776
5.330832004547119,252,808
5.372664213180542,284,825
5.412692070007324,318,832
5.454978704452515,353,832
5.495559453964233,390,839
5.536077260971069,425,835
5.5826661586761475,460,841
5.6259355545043945,498,839
5.667999267578125,534,840
5.712681531906128,566,586
5.7557373046875,579,173
5.799170732498169,574,-248
5.842728853225708,553,-560
5.883688688278198,523,-693
5.924028396606445,494,-757
5.9659857749938965,460,-782
6.009686708450317,426,-798
6.055122375488281,392,-806
6.095726251602173,357,-806
6.142916679382324,320,-813
6.186512231826782,286,-811
6.226192474365234,250,-811
6.274641275405884,214,-809
6.3159379959106445,183,-559
6.360113859176636,172,-173
6.4026336669921875,178,295
6.442745923995972,199,568
6.4855945110321045,227,699
6.529903411865234,264,777
6.575565576553345,297,805
6.618886947631836,331,823
6.657555103302002,368,828
6.69933819770813,401,829
6.74280571937561,434,833
6.788537263870239,473,834
6.8296544551849365,510,838
6.872901916503906,543,837
6.91666841506958,584,839
6.964667797088623,616,640
7.001144886016846,629,239
7.0433080196380615,624,-189
7.0855607986450195,604,-546
7.1270551681518555,578,-692
7.172722339630127,544,-752
7.215036630630493,512,-781
7.25503134727478,480,-794
7.294195175170898,446,-803
7.3407487869262695,409,-807
7.37772798538208,380,-807
7.422771453857422,343,-812
7.462629795074463,310,-814
7.504507541656494,278,-816
7.5461266040802,242,-813
7.589938640594482,210,-585
7.635543346405029,198,-179
7.675808429718018,206,342
7.725504636764526,234,616
7.768151760101318,264,730
7.814049959182739,298,785
7.855969667434692,334,815
7.900761127471924,368,827
7.937631130218506,398,828
7.977844476699829,433,833
8.02089524269104,470,832
8.06539511680603,503,835
8.105996131896973,538,836
8.153816938400269,582,839
8.193828105926514,614,837
8.23403811454773,645,661
8.276023387908936,657,247
8.325047969818115,650,-271
8.368919849395752,628,-584
8.41287612915039,598,-700
8.455663681030273,562,-761
8.497920036315918,531,-781
8.546428442001343,495,-798
8.587865829467773,461,-799
8.629931688308716,426,-805
8.675332307815552,392,-809
8.716154336929321,354,-808
8.76083493232727,320,-810
8.79967737197876,289,-811
8.84459137916565,257,-630
8.880666255950928,245,-237
8.926668167114258,251,245
8.968602180480957,271,567
9.00994086265564,300,706
9.054723024368286,332,774
9.095789670944214,367,805
9.140798091888428,403,819
9.181118965148926,438,830
9.223792314529419,471,831
9.265013933181763,504,839
9.303595304489136,540,840
9.349274396896362,575,840
9.392578363418579,612,839
9.430972337722778,647,839
9.473212718963623,676,628
9.516071796417236,691,174
9.55612325668335,685,-294
9.604501962661743,663,-571
9.64384150505066,635,-694
9.685002088546753,607,-751
9.729969024658203,570,-786
9.774930477142334,536,-798
9.812666654586792,504,-803
9.853768348693848,472,-808
9.895091772079468,439,-812
9.935527801513672,405,-809
9.978070497512817,371,-813
10.025123119354248,334,-810
