0.026534318923950195,1,12
0.0685267448425293,16,462
0.11517906188964844,44,660
0.1554851531982422,76,750
0.2011570930480957,109,792
0.24033641815185547,140,665
0.2850213050842285,153,243
0.32872796058654785,145,-277
0.3726837635040283,126,-551
0.4152209758758545,95,-692
0.45876312255859375,70,-548
0.5059647560119629,58,-194
0.5474200248718262,66,338
0.5905239582061768,90,584
0.6364014148712158,119,715
0.6774377822875977,149,597
0.719365119934082,160,197
0.7631394863128662,153,-271
0.8065218925476074,132,-564
0.848527193069458,105,-689
0.8906338214874268,76,-588
0.9348294734954834,64,-198
0.9755401611328125,71,295
1.0194573402404785,92,573
1.063899278640747,120,703
1.1023876667022705,146,599
1.1443116664886475,159,195
1.1843538284301758,153,-213
1.2255070209503174,133,-556
1.2719676494598389,104,-687
1.316227912902832,76,-533
1.355433464050293,67,-171
1.4039697647094727,75,267
1.4460723400115967,97,583
1.4886798858642578,125,709
1.5296051502227783,156,590
1.5779273509979248,166,163
1.6194581985473633,157,-244
1.6595804691314697,137,-549
1.7099018096923828,105,-698
1.7548067569732666,77,-554
1.7953624725341797,66,-195
1.8405261039733887,74,270
1.879136323928833,95,580
1.9220695495605469,120,473
1.959315538406372,126,199
2.0051090717315674,117,-275
2.0484845638275146,96,-583
2.0886642932891846,69,-694
2.135514497756958,37,-583
2.175128698348999,26,-167
2.215651512145996,32,253
2.2605276107788086,52,529
2.3033084869384766,80,695
2.3471336364746094,108,549
2.3905656337738037,120,171
2.4303598403930664,113,-222
2.4716267585754395,94,-525
2.517392158508301,64,-681
2.5622949600219727,37,-550
2.607311248779297,26,-233
2.649475574493408,36,299
2.6948866844177246,57,583
2.748431921005249,94,733
2.7890446186065674,125,573
2.832723379135132,136,239
2.8754053115844727,129,-284
2.924415349960327,106,-572
2.965196371078491,79,-487
3.0074338912963867,72,-181
3.0536422729492188,82,346
3.0985047817230225,106,597
3.1420059204101562,134,717
3.1835103034973145,164,616
3.224848508834839,176,177
3.267322540283203,170,-225
3.313274621963501,149,-538
3.3546829223632812,124,-673
3.3949787616729736,96,-530
3.4372048377990723,85,-181
3.47955322265625,93,273
3.5252625942230225,116,572
3.570037603378296,144,702
3.6095404624938965,174,556
3.6565277576446533,182,235
3.697190999984741,175,-264
3.7453773021698,150,-583
3.7902374267578125,118,-699
3.8333661556243896,92,-596
3.873434066772461,80,-195
3.927452564239502,92,396
3.978879690170288,122,633
4.029068231582642,150,457
4.0729992389678955,154,0
4.119347095489502,140,-437
4.16513729095459,114,-637
4.2073657512664795,84,-716
4.250385046005249,54,-596
4.293530225753784,43,-187
4.340261459350586,51,264
4.3786845207214355,68,538
4.4203526973724365,98,691
4.462009429931641,124,578
4.502107620239258,135,178
4.547038793563843,128,-244
4.59014630317688,106,-549
4.630212783813477,80,-681
4.667538642883301,55,-569
4.712145805358887,43,-160
4.754410982131958,49,236
4.795365571975708,70,545
4.844118118286133,100,698
4.882324695587158,125,562
4.9250266551971436,137,154
4.9802491664886475,125,-350
5.019957542419434,105,-584
5.067379474639893,75,-485
5.109318256378174,66,-103
5.1547346115112305,75,305
5.195528268814087,98,587
5.237476110458374,127,710
5.279340505599976,155,574
5.329989671707153,166,199
5.372380495071411,158,-317
5.413378953933716,136,-568
5.455439567565918,108,-688
5.4961159229278564,82,-578
5.538393020629883,70,-237
5.579457759857178,79,281
5.625469446182251,99,562
5.6653831005096436,127,707
5.707502126693726,158,532
5.7549121379852295,165,184
5.798663377761841,156,-341
5.842841625213623,131,-588
5.880663156509399,105,-691
5.9244654178619385,79,-569
5.966185569763184,67,-165
6.005464315414429,73,241
6.050410032272339,93,533
6.08942174911499,118,682
6.1372997760772705,148,483
6.181612014770508,156,236
6.224364280700684,147,-332
6.265616178512573,125,-581
6.305646896362305,96,-697
6.350646495819092,67,-546
6.392995119094849,58,-193
6.435308933258057,66,281
6.478494644165039,86,580
6.523203611373901,116,710
6.567161321640015,146,569
6.610422134399414,157,149
6.650407552719116,151,-174
6.690255165100098,132,-512
6.728641986846924,110,-668
6.771539688110352,80,-560
6.814111232757568,71,-165
6.858272075653076,78,266
6.899164915084839,100,569
6.9484710693359375,128,499
6.990082740783691,136,247
7.030596494674683,127,-290
7.074736833572388,106,-581
7.1151652336120605,77,-694
7.157505035400391,49,-559
7.202266454696655,38,-245
7.245824337005615,45,265
7.287203311920166,67,562
7.334771633148193,96,704
7.377304315567017,127,555
7.420660495758057,138,174
7.460442543029785,130,-241
7.500615358352661,111,-527
7.5449724197387695,82,-685
7.588730096817017,56,-537
7.632243871688843,45,-172
7.674083471298218,52,272
7.71352744102478,76,582
7.760143280029297,102,697
7.7990076541900635,130,580
7.844479084014893,142,183
7.883376836776733,134,-248
7.9221107959747314,116,-522
7.962299823760986,92,-664
8.002649545669556,66,-542
8.048908710479736,54,-235
8.091619729995728,62,266
8.140319347381592,88,589
8.184365510940552,116,716
8.223673820495605,144,578
8.265209913253784,157,232
8.310176372528076,151,-174
8.350215435028076,132,-511
8.390080451965332,108,-662
8.42896842956543,82,-548
8.473127841949463,72,-238
8.51360011100769,78,285
8.559266567230225,102,577
8.604973077774048,131,698
8.64561414718628,158,587
8.688302516937256,170,234
8.732027292251587,163,-243
8.776104211807251,142,-555
8.817244052886963,112,-692
8.862732172012329,85,-523
8.905466556549072,74,-231
8.963049173355103,88,441
9.008289337158203,113,644
9.045337200164795,138,575
9.087420225143433,148,198
9.134034633636475,139,-276
9.175029754638672,117,-580
9.217442512512207,88,-695
9.26053261756897,60,-574
9.304911375045776,50,-233
9.351176261901855,60,295
9.39055871963501,82,574
9.435237646102905,113,713
9.47859501838684,142,574
9.523078918457031,152,182
9.56536054611206,143,-284
9.608734607696533,123,-573
9.650415897369385,94,-685
9.688971281051636,68,-577
9.737292528152466,57,-170
9.783936023712158,65,244
9.825652122497559,86,571
9.865651369094849,116,708
9.910633087158203,144,558
9.952684879302979,154,196
9.995492458343506,147,-268
