0.02628636360168457,2,24
0.06556200981140137,18,480
0.10899758338928223,44,661
0.1531686782836914,75,748
0.19357609748840332,106,796
0.23517441749572754,143,818
0.2787346839904785,175,829
0.3272109031677246,216,834
0.36899328231811523,253,839
0.4105224609375,288,839
0.44945645332336426,320,840
0.49356794357299805,357,840
0.5353410243988037,393,842
0.5803148746490479,426,671
0.6188657283782959,438,273
0.6594343185424805,434,-252
0.7086677551269531,410,-571
0.7534213066101074,382,-699
0.7960636615753174,350,-754
0.838097333908081,318,-784
0.879594087600708,281,-796
0.9262516498565674,248,-806
0.9656610488891602,212,-808
1.0124003887176514,175,-808
1.0565087795257568,142,-812
1.0994887351989746,109,-584
1.1448893547058105,97,-182
1.1874160766601562,106,255
1.2304236888885498,129,583
1.2765262126922607,158,726
1.317396640777588,192,781
1.3591532707214355,227,812
1.405386209487915,263,827
1.4482629299163818,296,835
1.4874768257141113,332,839
1.5354394912719727,372,843
1.580535650253296,410,839
1.6249418258666992,442,643
1.6653110980987549,455,178
1.7094264030456543,447,-267
1.7535414695739746,425,-579
1.7952897548675537,397,-696
1.839294195175171,364,-751
1.8826799392700195,333,-778
1.9290940761566162,294,-795
1.973188877105713,257,-800
2.0170252323150635,225,-803
2.058699369430542,193,-810
2.102069854736328,157,-810
2.1431636810302734,124,-659
2.1854021549224854,112,-174
2.2302136421203613,118,198
2.2704451084136963,137,540
2.3274424076080322,175,732
2.373047113418579,209,788
2.412846088409424,241,807
2.454796552658081,274,822
2.498358726501465,314,828
2.5439507961273193,349,833
2.584667921066284,382,833
2.628545045852661,419,837
2.669438123703003,453,652
2.7174887657165527,467,196
2.7621490955352783,460,-298
2.8032824993133545,439,-583
2.845088481903076,410,-694
2.887407064437866,378,-748
2.932335376739502,346,-779
2.9752554893493652,310,-792
3.019993543624878,276,-799
3.059450626373291,240,-801
3.107374906539917,204,-805
3.152818441390991,169,-804
3.194167137145996,139,-639
3.2354085445404053,125,-179
3.2821707725524902,131,297
3.3230717182159424,152,586
3.366792917251587,183,711
3.407477855682373,213,775
3.4521448612213135,247,806
3.4932162761688232,283,824
3.5374865531921387,320,832
3.5821924209594727,355,837
3.6230366230010986,390,840
3.6652112007141113,429,841
3.7102479934692383,461,641
3.752228021621704,472,196
3.7945148944854736,468,-133
3.835257053375244,449,-525
3.8772852420806885,422,-690
3.9249532222747803,385,-751
3.9684648513793945,354,-778
4.007533073425293,320,-790
4.052241086959839,288,-799
4.095642328262329,252,-803
4.159327268600464,194,-809
4.254376411437988,124,-810
4.360513687133789,68,-248
4.430014371871948,89,494
4.470332622528076,117,675
4.508833408355713,145,752
4.554153680801392,178,799
4.59450101852417,210,816
4.635594367980957,245,827
4.674928665161133,278,832
4.7206525802612305,320,834
4.767148971557617,352,621
4.809553861618042,366,192
4.854700088500977,360,-253
4.895575523376465,340,-546
4.938483238220215,312,-695
4.979940891265869,278,-748
5.019456624984741,246,-779
5.064409017562866,216,-795
5.103623867034912,179,-797
5.15038800239563,144,-805
5.192082405090332,113,-808
5.23284387588501,78,-806
5.27727746963501,47,-624
5.318736791610718,34,-191
5.359412670135498,39,212
5.402660369873047,58,566
5.447320938110352,88,710
5.489290714263916,121,773
5.53714394569397,160,811
5.580176830291748,194,824
5.620210886001587,228,836
5.660158395767212,263,836
5.700313329696655,294,838
5.741125106811523,330,839
5.783106803894043,364,839
5.825270891189575,397,643
5.867610216140747,411,242
5.917956352233887,405,-273
5.959336757659912,383,-564
6.003170967102051,354,-695
6.0474724769592285,323,-754
6.0903074741363525,289,-779
6.154253721237183,240,-797
6.230409383773804,174,-809
6.332014799118042,93,-809
6.408439874649048,40,-561
6.44703221321106,29,-180
6.488095283508301,36,255
6.534123659133911,59,582
6.5729780197143555,86,712
6.615223407745361,121,778
6.657469987869263,156,810
6.699565649032593,191,823
6.745424032211304,226,833
6.79221248626709,263,837
6.83366847038269,300,841
6.876067876815796,330,661
6.9175169467926025,345,198
6.962213039398193,339,-211
7.003641366958618,320,-547
7.048455476760864,292,-695
7.090530633926392,260,-746
7.135161638259888,226,-774
7.175323009490967,195,-791
7.221532344818115,158,-798
7.262328624725342,126,-806
7.304407119750977,92,-808
7.353050947189331,52,-810
7.395325660705566,18,-620
7.44061803817749,6,-244
7.48992657661438,14,275
7.540149927139282,41,621
7.580206871032715,71,724
7.618889570236206,102,781
7.66358494758606,135,808
7.7030792236328125,170,819
7.746561050415039,206,831
7.788880825042725,241,834
7.829556465148926,276,835
7.873140811920166,310,838
7.92057204246521,345,588
7.964731693267822,357,189
8.005231857299805,349,-291
8.047339677810669,328,-584
8.091986894607544,300,-697
8.136385679244995,267,-754
8.175190448760986,236,-778
8.220187664031982,200,-790
8.25936770439148,168,-798
8.303458452224731,133,-804
8.350498914718628,94,-811
8.39338231086731,58,-809
8.437646865844727,28,-620
8.480220317840576,16,-235
8.517285823822021,20,152
8.560524940490723,40,530
8.602871417999268,66,690
8.644395112991333,96,762
8.683005332946777,127,796
8.729890584945679,165,822
8.774113416671753,201,827
8.812637329101562,233,831
8.853413105010986,268,832
8.896384239196777,303,838
8.935293197631836,334,680
8.97732925415039,347,238
9.019085884094238,342,-259
9.063571214675903,323,-521
9.104037046432495,297,-684
9.150352001190186,260,-750
9.190399885177612,231,-776
9.23023247718811,200,-789
9.270191431045532,168,-799
9.30935525894165,136,-802
9.353606462478638,99,-805
9.397835969924927,65,-807
9.441558837890625,29,-808
9.486002922058105,-1,-592
9.533971309661865,-14,-175
9.576584577560425,-6,270
9.617971897125244,16,598
9.662087678909302,45,720
9.705224514007568,80,781
9.744162559509277,109,806
9.787180662155151,145,819
9.830138921737671,180,829
9.865508794784546,213,831
9.911540269851685,250,835
9.954938888549805,287,837
10.000450849533081,320,671
