0.027775287628173828,2,39
0.06881976127624512,19,471
0.11521530151367188,46,661
0.15820670127868652,76,752
0.20003366470336914,111,793
0.2386155128479004,140,811
0.2803313732147217,177,820
0.3226644992828369,206,657
0.3634614944458008,220,237
0.4058206081390381,215,-192
0.44521570205688477,194,-544
0.48857688903808594,170,-677
0.5372490882873535,133,-746
0.5803990364074707,98,-776
0.6234948635101318,68,-581
0.6687107086181641,57,-194
0.7102348804473877,64,256
0.750218391418457,84,541
0.7929470539093018,111,700
0.8349671363830566,143,768
0.8783242702484131,175,800
0.9272670745849609,211,539
0.9693582057952881,221,196
1.0134246349334717,211,-345
1.0601418018341064,188,-586
1.1022346019744873,161,-699
1.1458117961883545,129,-751
1.1873044967651367,98,-566
1.233896017074585,87,-159
1.275305986404419,94,282
1.3223073482513428,120,603
1.3651247024536133,149,710
1.4086027145385742,180,781
1.4493894577026367,218,809
1.4948499202728271,248,630
1.5372772216796875,259,234
1.58394455909729,251,-293
1.6247975826263428,230,-577
1.6661734580993652,201,-697
1.7132618427276611,167,-747
1.7548718452453613,138,-636
1.8031213283538818,125,-48
1.8486576080322266,134,324
1.8892927169799805,157,596
1.932941198348999,187,712
1.977111577987671,220,777
2.023787498474121,255,808
2.0605762004852295,285,674
2.1045382022857666,298,170
2.1503992080688477,290,-274
2.1971540451049805,266,-585
2.241488218307495,238,-698
2.2792551517486572,207,-749
2.3258216381073,179,-579
2.3672852516174316,167,-173
2.4092490673065186,175,264
2.454451322555542,196,573
2.4931533336639404,223,699
2.538850784301758,259,775
2.5826146602630615,291,803
2.625450611114502,326,635
2.6705069541931152,338,172
2.7148287296295166,331,-259
2.7555179595947266,310,-563
2.804196834564209,280,-691
2.843981981277466,251,-747
2.883513927459717,215,-773
2.9322006702423096,185,-567
2.9783098697662354,175,-244
3.0234375,185,337
3.0651183128356934,207,595
3.1070103645324707,237,718
3.1479926109313965,266,775
3.1902661323547363,299,625
3.234004497528076,309,175
3.272733688354492,304,-195
3.3172075748443604,283,-566
3.3592960834503174,253,-686
3.398484230041504,228,-741
3.4392294883728027,193,-774
3.4844911098480225,164,-628
3.524909496307373,151,-234
3.570056438446045,157,220
3.6082651615142822,176,554
3.653418779373169,204,691
3.694709539413452,233,766
3.744218111038208,273,799
3.783498525619507,304,648
3.8251118659973145,317,191
3.8687000274658203,311,-282
3.9115209579467773,289,-558
3.9534354209899902,263,-688
3.995802402496338,233,-740
4.03525447845459,204,-633
4.077301502227783,192,-187
4.126155853271484,199,254
4.165459871292114,219,587
4.207190990447998,247,703
4.252000570297241,280,773
4.292176961898804,312,803
4.332310914993286,342,621
4.377150535583496,357,248
4.41972279548645,352,-124
4.461913347244263,333,-526
4.502748012542725,306,-685
4.55015754699707,270,-747
4.589209318161011,241,-775
4.633413791656494,209,-621
4.677189588546753,197,-237
4.71858549118042,202,223
4.761534690856934,222,543
4.8048601150512695,251,696
4.847014427185059,283,769
4.888526439666748,311,599
4.9346137046813965,325,231
4.975132942199707,319,-254
5.015469074249268,297,-564
5.0602500438690186,268,-689
5.102897644042969,239,-746
5.145239591598511,207,-777
5.1898112297058105,174,-590
5.229470729827881,163,-194
5.273165225982666,169,135
5.313281774520874,188,522
5.3574535846710205,217,697
5.402135848999023,248,766
5.446240425109863,283,802
5.490142583847046,317,621
5.527334928512573,328,236
5.56949520111084,321,-215
5.614929914474487,301,-542
5.657285928726196,273,-692
5.6993248462677,242,-745
5.749412775039673,207,-543
5.7934184074401855,196,-183
5.83486533164978,203,293
5.877236843109131,225,573
5.924085378646851,255,704
5.964379072189331,287,774
6.004737615585327,317,800
6.047196865081787,350,596
6.0938427448272705,363,180
6.137196779251099,355,-248
6.183945417404175,333,-578
6.224841117858887,303,-691
6.267322301864624,272,-752
6.312954664230347,238,-776
6.352928400039673,210,-583
6.395024299621582,197,-242
6.437302112579346,203,248
6.482035160064697,223,549
6.528396844863892,253,703
6.569783926010132,285,772
6.614025831222534,316,579
6.655471324920654,328,192
6.697253227233887,321,-294
6.744060277938843,299,-565
6.780307292938232,272,-685
6.824875593185425,240,-748
6.867170810699463,206,-775
6.909422397613525,177,-581
6.960150480270386,165,-193
7.000233173370361,172,252
7.037472248077393,193,555
7.082151412963867,218,698
7.124279737472534,249,761
7.162986516952515,282,797
7.210377216339111,317,631
7.2532501220703125,329,184
7.2963011264801025,322,-250
7.345365047454834,297,-587
7.389192581176758,269,-697
7.433024168014526,235,-751
7.477319240570068,206,-568
7.520386695861816,195,-191
7.562671661376953,200,266
7.607251882553101,222,588
7.649397850036621,251,708
7.693552732467651,285,771
7.740580320358276,323,801
7.783858776092529,352,624
7.824782848358154,365,165
7.864821434020996,361,-153
7.907238721847534,341,-533
7.9488205909729,314,-673
7.992147207260132,285,-733
8.038728475570679,251,-577
8.07874321937561,240,-192
8.12011456489563,246,294
8.178335905075073,274,615
8.22004508972168,303,720
8.267285823822021,341,785
8.309480667114258,375,812
8.354978799819946,408,648
8.3971586227417,421,168
8.451972484588623,411,-344
8.48935055732727,390,-582
8.538233280181885,359,-703
8.577443599700928,325,-750
8.620919466018677,298,-621
8.664952278137207,287,-166
8.709877967834473,294,299
8.752065181732178,315,572
8.790508508682251,343,703
8.834893226623535,375,773
8.87982439994812,413,802
8.922919750213623,443,571
8.969301223754883,455,156
9.012681484222412,449,-263
9.055209398269653,426,-553
9.098227262496948,400,-690
9.136948585510254,363,-752
9.187374353408813,334,-591
9.22917366027832,321,-248
9.274383068084717,326,121
9.313057661056519,345,506
9.356868505477905,372,688
9.399399280548096,406,768
9.44443392753601,437,794
9.485209941864014,470,651
9.529333353042603,483,245
9.575037717819214,477,-231
9.617252588272095,457,-556
9.660424709320068,428,-680
9.698372602462769,403,-738
9.744666576385498,368,-776
9.788152933120728,336,-585
9.830397605895996,323,-247
9.872248888015747,328,232
9.912044286727905,348,528
9.956737756729126,376,698
9.99830436706543,406,764
