0.026687145233154297,2,13
0.07094693183898926,19,487
0.11246967315673828,46,676
0.1604022979736328,82,766
0.2030797004699707,115,798
0.2456374168395996,149,818
0.2873055934906006,186,825
0.3293726444244385,220,830
0.37337779998779297,255,834
0.41729021072387695,289,641
0.46204519271850586,300,254
0.5044939517974854,293,-256
0.5543339252471924,269,-585
0.5942134857177734,242,-694
0.6379654407501221,211,-752
0.6784565448760986,180,-776
0.7186329364776611,149,-789
0.7587406635284424,119,-638
0.8013613224029541,105,-172
0.8429851531982422,111,264
0.8861393928527832,132,549
0.9261770248413086,156,695
0.9732728004455566,194,770
1.0171923637390137,229,801
1.062715768814087,263,820
1.1035919189453125,296,629
1.1469557285308838,309,172
1.1893744468688965,303,-147
1.2327303886413574,284,-548
1.2762176990509033,256,-685
1.3169865608215332,225,-746
1.3641901016235352,188,-774
1.402456283569336,160,-782
1.4445173740386963,129,-597
1.4873263835906982,116,-236
1.5303666591644287,123,280
1.5728545188903809,144,565
1.6168036460876465,174,697
1.658698320388794,202,777
1.7011487483978271,237,803
1.7492127418518066,279,825
1.7956194877624512,310,582
1.8391551971435547,323,189
1.8841874599456787,315,-266
1.922663927078247,298,-553
1.9629247188568115,269,-686
2.0061380863189697,240,-743
2.051941394805908,205,-772
2.0934853553771973,170,-784
2.1409499645233154,138,-558
2.1814610958099365,128,-244
2.225951671600342,136,284
2.268148422241211,156,586
2.3093833923339844,186,712
2.3556199073791504,219,777
2.3971445560455322,254,806
2.439344882965088,289,817
2.481250047683716,318,624
2.5234246253967285,332,237
2.572383165359497,324,-298
2.614259719848633,302,-572
2.6542375087738037,274,-694
2.694579839706421,244,-745
2.741781234741211,210,-776
2.7844316959381104,174,-785
2.825594186782837,147,-594
2.8682074546813965,134,-182
2.906273365020752,138,171
2.9492642879486084,159,545
2.9932987689971924,188,695
3.037435293197632,222,770
3.082292318344116,253,801
3.1214797496795654,288,818
3.1661994457244873,322,828
3.207916259765625,354,636
3.2494966983795166,369,184
3.293308734893799,362,-265
3.336107015609741,343,-568
3.3785736560821533,316,-690
3.4189395904541016,285,-747
3.459399461746216,253,-772
3.5028648376464844,218,-783
3.548111915588379,188,-624
3.587339162826538,176,-231
3.6289968490600586,182,134
3.6715519428253174,202,552
3.717883586883545,231,698
3.761337995529175,266,774
3.802888870239258,299,804
3.8443784713745117,335,815
3.8889119625091553,364,640
3.9410014152526855,378,245
3.9845376014709473,368,-325
4.028122901916504,346,-588
4.06857967376709,319,-696
4.109604120254517,288,-757
4.151439428329468,251,-775
4.197040319442749,220,-786
4.239627122879028,189,-660
4.283315896987915,175,-188
4.3284807205200195,181,235
4.368775844573975,200,570
4.414372205734253,232,699
4.4545557498931885,264,769
4.497487306594849,297,805
4.53925895690918,334,818
4.58851170539856,366,661
4.638549089431763,381,45
4.684200286865234,371,-296
4.73913049697876,340,-629
4.781310319900513,310,-730
4.82808780670166,277,-765
4.869219064712524,244,-788
4.912355899810791,211,-789
4.956828832626343,178,-595
4.9983720779418945,166,-250
5.0444557666778564,175,253
5.087382078170776,196,584
5.13116979598999,226,717
5.1733667850494385,258,776
5.216140031814575,290,807
5.257316589355469,325,823
5.298769474029541,356,673
5.343951463699341,371,186
5.389134883880615,364,-284
5.430556297302246,342,-566
5.474475383758545,314,-698
5.51438307762146,284,-752
5.552696228027344,257,-774
5.598480939865112,221,-782
5.640379905700684,191,-619
5.683317422866821,178,-173
5.724623918533325,184,240
5.7739341259002686,207,590
5.814432859420776,236,703
5.856590032577515,265,774
5.901286602020264,302,806
5.94281268119812,338,820
5.988588809967041,369,647
6.029383659362793,382,180
6.07195258140564,376,-262
6.114624261856079,355,-558
6.1594507694244385,324,-693
6.201162099838257,294,-755
6.2443578243255615,261,-779
6.281438827514648,231,-789
6.326340436935425,201,-626
6.367163181304932,188,-243
6.412427663803101,193,293
6.451478719711304,216,553
6.496220111846924,244,699
6.537596225738525,274,769
6.583812475204468,309,803
6.6267921924591064,345,820
6.668193817138672,376,672
6.706249475479126,390,324
6.748328685760498,388,-194
6.788541793823242,372,-497
6.828979969024658,344,-659
6.872276067733765,316,-738
6.911334276199341,285,-769
6.958953619003296,248,-784
7.003131628036499,210,-794
7.043311595916748,183,-579
7.090075492858887,170,-233
7.1312713623046875,177,243
7.1742165088653564,198,556
7.21425724029541,224,693
7.251306056976318,253,767
7.29597020149231,286,799
7.336812973022461,322,819
7.37907075881958,352,643
7.422664165496826,367,192
7.466043949127197,362,-232
7.504542827606201,344,-533
7.543308973312378,318,-673
7.5868165493011475,288,-750
7.629213094711304,254,-775
7.674015760421753,221,-789
7.712947845458984,190,-630
7.7592456340789795,178,-113
7.801375150680542,186,260
7.843340158462524,208,564
7.888646364212036,235,702
7.929459810256958,268,775
7.973921298980713,302,804
8.012530326843262,332,819
8.054213762283325,369,826
8.096097707748413,399,654
8.13805627822876,413,199
8.181313037872314,406,-255
8.226107358932495,387,-561
8.270010709762573,358,-699
8.3089919090271,328,-747
8.35269284248352,296,-774
8.396122455596924,262,-789
8.44017744064331,230,-629
8.482356786727905,217,-163
8.524187564849854,224,220
8.572291612625122,249,593
8.611320734024048,275,711
8.654505968093872,309,771
8.698747158050537,340,804
8.73931622505188,376,818
8.783949136734009,407,618
8.824562311172485,420,242
8.866652965545654,416,-127
8.906356811523438,397,-524
8.95199728012085,369,-689
8.996816396713257,335,-748
9.039448261260986,303,-775
9.084017992019653,267,-784
9.12609338760376,238,-615
9.166094779968262,226,-233
9.20464015007019,230,191
9.248469829559326,248,521
9.291324853897095,276,692
9.333301067352295,309,762
9.380544185638428,347,804
9.424502849578857,381,816
9.46823525428772,413,663
9.510009527206421,427,245
9.549589395523071,423,-148
9.594152212142944,403,-517
9.631450653076172,380,-672
9.683908939361572,344,-744
9.723469734191895,309,-778
9.771327495574951,274,-787
9.814656019210815,243,-617
9.856834173202515,232,-232
9.898183822631836,238,139
9.941984176635742,259,559
9.982952117919922,288,697
10.023605346679688,320,766
