0.07288599014282227,7,195
0.09581947326660156,16,433
0.11857104301452637,29,573
0.14271187782287598,45,656
0.16511797904968262,61,719
0.18853998184204102,79,760
0.21172165870666504,96,782
0.23563647270202637,115,803
0.28403663635253906,155,824
0.3400082588195801,203,836
0.4270896911621094,279,842
0.5040609836578369,339,845
0.5583832263946533,385,843
0.6209261417388916,441,846
0.7014031410217285,506,847
0.7241454124450684,525,842
0.7477619647979736,545,847
0.7703561782836914,566,846
0.7947888374328613,586,845
0.8172717094421387,605,844
0.8482096195220947,630,843
0.8939275741577148,669,843
0.9342691898345947,706,846
0.9733486175537109,738,845
1.013418197631836,772,848
1.05513596534729,807,841
1.0991671085357666,846,844
1.1431899070739746,880,842
1.1863245964050293,915,847
1.2270426750183105,953,850
1.2769615650177002,993,843
1.3189313411712646,1031,844
1.3639047145843506,1066,847
1.401423692703247,1100,845
1.4418725967407227,1132,849
1.4899039268493652,1174,843
1.5283374786376953,1205,845
1.5738403797149658,1244,845
1.6103014945983887,1277,843
1.6546177864074707,1311,844
1.6971580982208252,1350,847
1.739133596420288,1386,844
1.783362865447998,1423,844
1.8247270584106445,1457,846
1.8652865886688232,1494,846
1.9092040061950684,1531,844
1.9561307430267334,1567,843
1.9953265190124512,1600,846
2.0370430946350098,1636,845
2.085362434387207,1677,845
2.12697434425354,1712,848
2.1702749729156494,1749,844
2.2116506099700928,1783,845
2.2519850730895996,1818,842
2.2942097187042236,1852,840
2.3341619968414307,1886,846
2.3734071254730225,1921,841
2.4170725345611572,1957,839
2.4665820598602295,2000,841
2.508419990539551,2032,844
2.551417827606201,2069,844
2.594838857650757,2107,842
2.638214349746704,2142,843
2.6786487102508545,2181,845
2.7224249839782715,2213,844
2.766270399093628,2249,840
2.8050317764282227,2285,845
2.8471431732177734,2321,843
2.8950507640838623,2361,843
2.939241647720337,2398,840
2.9828195571899414,2433,842
3.0245931148529053,2467,840
3.064704656600952,2502,840
3.1081862449645996,2537,843
3.149975538253784,2575,839
3.187196731567383,2605,664
3.2313783168792725,2617,251
3.278276205062866,2608,-306
3.3192667961120605,2586,-588
3.3643627166748047,2559,-706
3.407193660736084,2525,-764
3.4493236541748047,2490,-789
3.49472713470459,2454,-799
3.539924383163452,2418,-808
3.5797958374023438,2386,-812
3.619814395904541,2355,-815
3.662501811981201,2322,-815
3.710054636001587,2279,-814
3.7508232593536377,2247,-817
3.794219970703125,2214,-813
3.8358962535858154,2180,-816
3.8751025199890137,2145,-814
3.9199020862579346,2109,-817
3.9572641849517822,2079,-817
4.001845121383667,2044,-818
4.04290246963501,2008,-818
4.0897181034088135,1971,-816
4.1325671672821045,1938,-816
4.177054405212402,1900,-819
4.218914747238159,1864,-816
4.265848398208618,1828,-816
4.309791803359985,1793,-815
4.352544546127319,1758,-816
4.394371747970581,1724,-814
4.435281038284302,1687,-813
4.484334468841553,1651,-814
4.527057886123657,1615,-814
4.56915807723999,1577,-818
4.614848375320435,1541,-813
4.658405780792236,1509,-817
4.70033073425293,1473,-815
4.739070415496826,1440,-815
4.7856364250183105,1404,-816
4.8250203132629395,1370,-816
4.86923623085022,1332,-814
4.918014287948608,1297,-817
4.960068941116333,1259,-816
5.00138783454895,1226,-814
5.0433189868927,1192,-815
5.084636688232422,1161,-816
5.125351905822754,1125,-815
5.171766996383667,1089,-816
5.213672876358032,1055,-815
5.254879474639893,1019,-817
5.302816152572632,980,-815
5.345129013061523,946,-813
5.389270782470703,907,-816
5.434480428695679,876,-814
5.474750995635986,841,-816
5.51709508895874,805,-814
5.558873414993286,771,-816
5.601829290390015,737,-817
5.643370151519775,703,-815
5.6902384757995605,665,-817
5.730175733566284,633,-814
5.767316579818726,600,-817
5.812135219573975,567,-813
5.854092121124268,533,-814
5.895156145095825,499,-817
5.935145139694214,465,-814
5.977189540863037,430,-819
6.023888349533081,394,-815
6.061812162399292,363,-815
6.110091924667358,323,-817
6.148415565490723,293,-816
6.188924312591553,257,-814
6.232583045959473,223,-815
6.275333642959595,187,-816
6.316944122314453,157,-590
6.3584747314453125,143,-262
6.401717901229858,147,145
6.43941855430603,166,542
6.48698091506958,197,701
6.535189151763916,233,779
6.577164888381958,267,807
6.619050025939941,301,822
6.664401531219482,336,829
6.707792043685913,373,837
6.75010347366333,411,838
6.79388165473938,445,841
6.835885763168335,480,841
6.875148296356201,514,839
6.918343782424927,549,840
6.959895610809326,585,842
6.996952772140503,617,844
7.040399074554443,654,844
7.083741188049316,689,842
7.123880386352539,723,843
7.162381410598755,755,844
7.205727577209473,792,843
7.249664306640625,832,841
7.297183036804199,869,843
7.339903116226196,907,841
7.377005100250244,939,841
7.418487310409546,971,840
7.462783098220825,1009,842
7.507031202316284,1046,842
7.55043888092041,1083,841
7.5917580127716064,1119,842
7.6332902908325195,1152,842
7.674907445907593,1188,844
7.722557067871094,1227,843
7.766065359115601,1263,843
7.807585000991821,1299,845
7.849149942398071,1338,842
7.893923044204712,1371,840
7.931835174560547,1403,843
7.97381067276001,1439,838
8.013840913772583,1473,842
8.048548936843872,1506,842
8.093284368515015,1541,842
8.13519835472107,1578,837
8.178517818450928,1610,841
8.219202280044556,1651,838
8.264584064483643,1683,843
8.305172681808472,1721,841
8.351285696029663,1757,840
8.392767667770386,1794,840
8.433820486068726,1825,841
8.47531008720398,1863,840
8.52448058128357,1901,841
8.567004919052124,1938,841
8.612951278686523,1977,841
8.655074834823608,2014,837
8.6999990940094,2051,842
8.73908519744873,2086,839
8.784400224685669,2123,838
8.828343868255615,2157,838
8.869024753570557,2194,842
8.914975643157959,2234,836
8.959888458251953,2267,841
8.997070550918579,2301,839
9.041346073150635,2338,841
9.083126306533813,2373,840
9.127030372619629,2409,842
9.167845487594604,2442,840
9.209102630615234,2479,841
9.25316596031189,2516,840
9.297108173370361,2551,839
9.342832565307617,2590,835
9.383148193359375,2625,838
9.425753116607666,2659,838
9.464593648910522,2688,679
9.509662389755249,2703,182
9.551846265792847,2697,-283
9.592082023620605,2678,-551
9.63321852684021,2649,-693
9.67326307296753,2619,-753
9.718548774719238,2584,-781
9.759872198104858,2551,-791
9.802625179290771,2519,-799
9.845134973526001,2483,-801
9.888363599777222,2451,-806
9.930211544036865,2413,-807
9.972553730010986,2383,-808
10.014183044433594,2349,-807
