0.03294849395751953,4,152
0.07467317581176758,20,493
0.12073421478271484,49,684
0.16342759132385254,85,757
0.20645999908447266,117,793
0.2508862018585205,147,630
0.29445958137512207,160,165
0.3346869945526123,156,-221
0.3754439353942871,136,-541
0.4191861152648926,113,-470
0.4611167907714844,107,-43
0.5042896270751953,117,391
0.5506932735443115,142,613
0.5939059257507324,169,495
0.6352443695068359,179,238
0.6810524463653564,168,-339
0.7229325771331787,146,-598
0.7645468711853027,119,-698
0.8063938617706299,89,-599
0.8486733436584473,78,-183
0.8893351554870605,83,227
0.9333705902099609,105,566
0.978656530380249,129,485
1.0215330123901367,135,0
1.0702588558197021,123,-408
1.1117737293243408,99,-613
1.1532399654388428,73,-532
1.1965913772583008,63,-173
1.238748550415039,73,344
1.2818305492401123,94,587
1.3255748748779297,126,721
1.3712499141693115,156,594
1.4143402576446533,167,186
1.4547028541564941,160,-227
1.5002117156982422,140,-558
1.5394692420959473,118,-456
1.579582929611206,112,-42
1.6212198734283447,123,331
1.665900468826294,147,598
1.7088782787322998,171,477
1.7570216655731201,179,0
1.7994344234466553,166,-375
1.8415045738220215,143,-598
1.883263349533081,117,-488
1.9247632026672363,109,-185
1.9652907848358154,117,300
2.0111711025238037,141,581
2.053504467010498,171,708
2.100497245788574,199,561
2.1458871364593506,210,197
2.1900088787078857,201,-314
2.2312264442443848,177,-589
2.2762629985809326,151,-499
2.3200879096984863,143,-181
2.3585267066955566,151,286
2.4037747383117676,175,593
2.4435629844665527,200,477
2.488715171813965,208,39
2.536139726638794,195,-390
2.574730396270752,172,-593
2.6201300621032715,145,-703
2.658327341079712,119,-574
2.702021598815918,108,-146
2.743459939956665,115,295
2.7886478900909424,135,582
2.831416130065918,162,529
2.8762688636779785,171,176
2.92006778717041,162,-346
2.9607808589935303,141,-570
3.0031626224517822,115,-461
3.0499489307403564,107,-245
3.090864896774292,117,300
3.1314783096313477,139,591
3.1763758659362793,165,522
3.2210464477539062,172,40
3.2653162479400635,159,-369
3.306446075439453,137,-590
3.3532917499542236,106,-706
3.396054267883301,77,-585
3.4404985904693604,67,-170
3.481086492538452,72,192
3.5257909297943115,93,538
3.5681536197662354,117,459
3.606990337371826,125,46
3.6508541107177734,115,-259
3.696098804473877,92,-580
3.740387439727783,68,-464
3.7818548679351807,61,-246
3.8249313831329346,72,349
3.865342855453491,97,603
3.909388303756714,125,717
3.950439453125,151,633
3.9904897212982178,164,234
4.03132438659668,160,-174
4.072023153305054,143,-506
4.1130900382995605,119,-472
4.1609947681427,113,-36
4.203582048416138,126,399
4.245234489440918,149,618
4.292016267776489,175,529
4.335782289505005,183,46
4.377521514892578,173,-346
4.42115044593811,149,-596
4.464303493499756,119,-703
4.508684396743774,92,-547
4.55434250831604,79,-183
4.5948522090911865,87,249
4.638267517089844,108,549
4.680218935012817,130,524
4.724283218383789,138,37
4.76612114906311,128,-295
4.804790019989014,107,-572
4.848759889602661,83,-482
4.890935182571411,76,-39
4.932593107223511,86,336
4.973163843154907,107,597
5.018251657485962,136,710
5.058054447174072,163,587
5.103973388671875,175,244
5.146391868591309,167,-285
5.190039873123169,146,-572
5.228312730789185,123,-493
5.270415544509888,114,-179
5.309559345245361,121,227
5.354770183563232,143,567
5.395185947418213,167,528
5.4390928745269775,175,186
5.4812331199646,165,-268
5.524704694747925,142,-584
5.5653393268585205,114,-690
5.610914468765259,87,-542
5.654862880706787,77,-178
5.696053743362427,83,240
5.737473487854004,104,543
5.780378103256226,129,537
5.8212361335754395,136,48
5.866210222244263,126,-319
5.905911207199097,103,-585
5.943337440490723,83,-518
5.992762804031372,73,-37
6.03617262840271,85,341
6.073364019393921,105,593
6.118225574493408,133,719
6.164560556411743,165,577
6.204380035400391,178,176
6.2492334842681885,172,-196
6.291834354400635,153,-521
6.333838939666748,130,-476
6.3747944831848145,122,-39
6.417025566101074,133,311
6.460231065750122,154,594
6.501403570175171,179,492
6.549414396286011,188,0
6.591383934020996,178,-327
6.631128311157227,156,-594
6.6746742725372314,129,-695
6.716415882110596,99,-587
6.761821269989014,89,-198
6.8042824268341064,96,295
6.8432230949401855,116,564
6.885472536087036,141,485
6.9302873611450195,147,244
6.974552392959595,137,-371
7.015904903411865,114,-594
7.055514097213745,89,-492
7.099262475967407,79,-188
7.141541481018066,87,310
7.18637490272522,111,582
7.230804204940796,138,712
7.271239757537842,170,573
7.315068483352661,180,157
7.366085767745972,170,-303
7.4049389362335205,149,-586
7.448689699172974,125,-462
7.4914116859436035,117,-42
7.537936210632324,127,359
7.579389810562134,152,607
7.6235058307647705,177,536
7.669035911560059,185,0
7.710453987121582,176,-329
7.75810432434082,149,-597
7.800127267837524,125,-493
7.838661193847656,117,-182
7.881548643112183,123,260
7.923233509063721,145,568
7.965235948562622,173,697
8.01070237159729,201,581
8.051219940185547,212,190
8.09322714805603,205,-261
8.13950252532959,183,-557
8.1810941696167,159,-540
8.224628448486328,151,-43
8.26811695098877,160,306
8.311318397521973,183,606
8.353393793106079,209,486
8.398080110549927,216,42
8.438046932220459,206,-294
8.479498386383057,185,-578
8.521976232528687,158,-691
8.569581270217896,126,-583
8.610096454620361,115,-178
8.652369022369385,121,238
8.69115138053894,140,556
8.734658479690552,163,480
8.778770923614502,171,38
8.823279857635498,159,-393
8.87012767791748,134,-607
8.910155296325684,110,-528
8.952282190322876,100,-180
8.994757652282715,109,292
9.035374402999878,130,561
9.080613851547241,157,700
9.122153759002686,185,582
9.164301633834839,197,190
9.201507806777954,191,-247
9.246326446533203,171,-527
9.288907051086426,148,-529
9.331085920333862,139,-186
9.376339435577393,149,288
9.421075820922852,173,588
9.465877532958984,199,518
9.50535798072815,206,40
9.552483320236206,196,-371
9.593219995498657,173,-594
9.637509107589722,143,-699
9.679401636123657,115,-545
9.724308252334595,105,-237
9.765524625778198,113,280
9.813244342803955,136,598
9.854708671569824,162,541
9.898094892501831,171,188
9.938073635101318,164,-273
9.976546049118042,144,-533
10.018306016921997,123,-471
