0.03334641456604004,3,23
0.08285331726074219,23,486
0.12446165084838867,46,673
0.16540098190307617,78,754
0.20898652076721191,113,794
0.25333070755004883,147,816
0.29232239723205566,180,825
0.33493638038635254,216,833
0.3783543109893799,250,831
0.42268991470336914,286,835
0.46419787406921387,322,838
0.5051851272583008,358,836
0.5474283695220947,392,837
0.5916318893432617,431,841
0.6345117092132568,468,836
0.6752078533172607,500,838
0.7180802822113037,535,840
0.7603304386138916,573,838
0.8021354675292969,605,840
0.8441803455352783,640,837
0.8873341083526611,679,839
0.9311013221740723,716,837
0.9754126071929932,753,837
1.020087480545044,788,838
1.064054250717163,825,838
1.1028625965118408,855,618
1.1447596549987793,868,199
1.1844170093536377,863,-219
1.2251319885253906,843,-528
1.2673826217651367,816,-692
1.3159072399139404,781,-755
1.3582348823547363,748,-785
1.4004368782043457,713,-797
1.4384400844573975,684,-805
1.4801933765411377,649,-807
1.518883466720581,616,-808
1.560457706451416,582,-811
1.6035196781158447,550,-812
1.6463778018951416,512,-809
1.694455623626709,477,-812
1.7333920001983643,443,-812
1.7756187915802002,410,-810
1.8171138763427734,376,-809
1.8589224815368652,341,-809
1.8987672328948975,308,-807
1.9394714832305908,273,-813
1.9847302436828613,242,-809
2.0270228385925293,206,-812
2.0704681873321533,171,-807
2.1153531074523926,133,-811
2.158181667327881,101,-595
2.2024035453796387,91,-172
2.244645118713379,97,268
2.285515308380127,120,592
2.330667495727539,149,710
2.3692593574523926,180,772
2.413177490234375,216,805
2.455626964569092,250,820
2.503565788269043,288,831
2.545346736907959,322,832
2.5854313373565674,357,835
2.6295671463012695,394,836
2.675999879837036,430,837
2.7183759212493896,467,839
2.7586779594421387,499,837
2.804119348526001,538,839
2.8427445888519287,570,839
2.88745379447937,610,844
2.9304702281951904,647,840
2.9693825244903564,679,839
3.0131232738494873,714,839
3.0554773807525635,751,843
3.098707437515259,788,838
3.1427600383758545,822,839
3.1850852966308594,856,650
3.229367256164551,870,181
3.268430471420288,866,-199
3.314573287963867,844,-547
3.357978105545044,816,-691
3.4002902507781982,782,-753
3.4430673122406006,751,-779
3.484604597091675,716,-794
3.5252933502197266,682,-802
3.5703001022338867,647,-806
3.6151716709136963,612,-812
3.6600136756896973,578,-808
3.705352783203125,538,-812
3.7474000453948975,504,-810
3.7902958393096924,468,-813
3.8303515911102295,436,-811
3.874049425125122,404,-812
3.912330150604248,373,-811
3.9552478790283203,335,-811
3.999178886413574,300,-816
4.044207334518433,265,-814
4.082072496414185,234,-813
4.128445863723755,197,-815
4.168519735336304,164,-814
4.211983919143677,129,-814
4.253455877304077,97,-642
4.294470548629761,84,-191
4.3334105014801025,88,110
4.375575065612793,107,541
4.419958829879761,137,695
4.462743043899536,166,772
4.508749723434448,202,806
4.549632787704468,240,823
4.594464540481567,273,832
4.6370322704315186,311,836
4.679479122161865,348,838
4.724795341491699,382,839
4.765556812286377,420,836
4.809460878372192,457,836
4.8529932498931885,491,838
4.900658845901489,531,843
4.940335988998413,565,841
4.9786388874053955,595,840
5.018638610839844,628,840
5.057294607162476,664,837
5.103641510009766,702,837
5.147166967391968,738,838
5.187661647796631,773,838
5.234426021575928,810,841
5.283105134963989,849,629
5.328746318817139,864,245
5.368685483932495,859,-268
5.4126667976379395,838,-575
5.454971075057983,809,-696
5.49726414680481,776,-755
5.5393054485321045,742,-780
5.584437608718872,711,-797
5.625016450881958,676,-803
5.665571451187134,645,-810
5.7135584354400635,606,-814
5.7562174797058105,572,-810
5.8002238273620605,533,-813
5.840224266052246,502,-814
5.88100528717041,469,-818
5.920531749725342,435,-816
5.9648778438568115,399,-819
6.010003089904785,364,-814
6.053194522857666,329,-813
6.097122430801392,293,-813
6.138840198516846,256,-814
6.182773113250732,224,-815
6.2250447273254395,188,-816
6.267398357391357,154,-817
6.314113140106201,118,-782
6.355317115783691,88,-583
6.398396015167236,79,-198
6.440199851989746,88,284
6.4804933071136475,110,581
6.526300668716431,138,721
6.567221641540527,172,779
6.614089012145996,207,810
6.65463662147522,240,823
6.698336839675903,277,828
6.7404069900512695,315,837
6.779343605041504,347,836
6.82335901260376,384,841
6.865400314331055,419,839
6.913559913635254,458,839
6.955566167831421,496,839
7.00164008140564,533,841
7.0436131954193115,568,840
7.0832765102386475,602,839
7.123438596725464,636,839
7.167222261428833,671,840
7.211552858352661,710,839
7.253605127334595,743,837
7.297336578369141,782,833
7.337085485458374,814,838
7.378490924835205,844,651
7.420124292373657,859,236
7.45793342590332,857,-83
7.500607967376709,837,-504
7.539386987686157,812,-666
7.584094524383545,783,-741
7.626090049743652,751,-770
7.67012095451355,713,-791
7.715637683868408,676,-801
7.758947849273682,642,-808
7.799444675445557,610,-810
7.843071222305298,576,-812
7.888004541397095,540,-815
7.928673982620239,507,-814
7.968677997589111,475,-815
8.010128736495972,437,-816
8.049367666244507,406,-814
8.09434700012207,372,-816
8.138704299926758,336,-814
8.179127216339111,300,-815
8.224386215209961,266,-816
8.26314377784729,233,-815
8.30726170539856,198,-814
8.348673582077026,165,-815
8.39199948310852,129,-815
8.432033777236938,99,-635
8.473613739013672,85,-235
8.523977041244507,94,311
8.56587290763855,117,591
8.607298135757446,144,724
8.650321245193481,180,783
8.694166421890259,212,810
8.732298135757446,243,826
8.772779703140259,276,833
8.813588857650757,313,838
8.855323553085327,347,841
8.895614624023438,386,845
8.9445161819458,421,840
8.984408378601074,455,844
9.026182651519775,490,841
9.067992687225342,525,842
9.108773231506348,559,843
9.14935302734375,598,841
9.194505453109741,633,841
9.234991550445557,667,839
9.275229454040527,704,840
9.32352352142334,741,841
9.365132570266724,776,842
9.407519817352295,813,839
9.454140424728394,850,839
9.491612195968628,878,646
9.533140420913696,892,257
9.573984146118164,888,-110
9.616003513336182,869,-522
9.655628681182861,842,-690
9.699286699295044,808,-752
9.746343612670898,772,-784
9.789104700088501,739,-798
9.828909635543823,706,-806
9.869174718856812,672,-809
9.914677619934082,640,-814
9.955084085464478,606,-817
9.995562314987183,570,-815
